ObjectiveFunction
2745.15
FuncEvals
320
NumParams
7
MaxGrad
0.00885285
ExitCode
1
HangCode
0
Runtime
-14
HerringPRD2020.dat
HerringPRD2020.ctl
HerringPRD2020.pfc
objfun
2745.15
nlvec
 907.535
 87.4998 16.6603
 572.882 191.795 240.487
 0
 0
 0 0 0 0 0
 0 0 0 0 0
 0 0 0 0 0
ro
 1450.99
rbar
 289.064
rinit
 635.851
sbo
 147.05
kappa
 16
steepness
 0.8
m
 0.500644
rho
 0.413297
vartheta
 1.22062
varphi
 0.905127
tau
 0.693296
sig
 0.58189
age_tau2
 37.5562 2.3912 3.17779
narea
1
ngroup
1
nsex
1
syr
1951
nyr
2017
sage
2
nage
10
ngear
5
yr
 1951 1952 1953 1954 1955 1956 1957 1958 1959 1960 1961 1962 1963 1964 1965 1966 1967 1968 1969 1970 1971 1972 1973 1974 1975 1976 1977 1978 1979 1980 1981 1982 1983 1984 1985 1986 1987 1988 1989 1990 1991 1992 1993 1994 1995 1996 1997 1998 1999 2000 2001 2002 2003 2004 2005 2006 2007 2008 2009 2010 2011 2012 2013 2014 2015 2016 2017
yrs
 1951 1952 1953 1954 1955 1956 1957 1958 1959 1960 1961 1962 1963 1964 1965 1966 1967 1968 1969 1970 1971 1972 1973 1974 1975 1976 1977 1978 1979 1980 1981 1982 1983 1984 1985 1986 1987 1988 1989 1990 1991 1992 1993 1994 1995 1996 1997 1998 1999 2000 2001 2002 2003 2004 2005 2006 2007 2008 2009 2010 2011 2012 2013 2014 2015 2016 2017 2018
age
 2 3 4 5 6 7 8 9 10
la
 16.6619 20.603 23.0416 24.5506 25.4844 26.0621 26.4197 26.6409 26.7778
wa
 0.0297539 0.0577923 0.0819955 0.0999856 0.112365 0.120525 0.125771 0.129093 0.131179
ma
 0.24974 0.9 1 1 1 1 1 1 1
dCatchData
 1951 1 1 1 0 1 45.865
 1952 1 1 1 0 1 52.379
 1953 1 1 1 0 1 1.865
 1954 1 1 1 0 1 27.277
 1955 1 1 1 0 1 17.806
 1956 1 1 1 0 1 10.182
 1957 1 1 1 0 1 28.035
 1958 1 1 1 0 1 4.523
 1959 1 1 1 0 1 10.224
 1960 1 1 1 0 1 18.476
 1961 1 1 1 0 1 42.746
 1962 1 1 1 0 1 27.66
 1963 1 1 1 0 1 40.228
 1964 1 1 1 0 1 29.93
 1965 1 1 1 0 1 44.211
 1966 1 1 1 0 1 17.295
 1967 1 1 1 0 1 7.998
 1968 1 1 1 0 1 2.068
 1970 1 1 1 0 1 1.33
 1971 1 1 1 0 1 3.5
 1972 1 1 1 0 1 0.877
 1973 1 1 1 0 1 0.218
 1974 1 1 1 0 1 0.182
 1975 1 1 1 0 1 0.155
 1976 1 1 1 0 1 0.564
 1977 1 1 1 0 1 0.792
 1978 1 1 1 0 1 3.519
 1979 1 1 1 0 1 1.81
 1980 1 1 1 0 1 0.738
 1981 1 1 1 0 1 1.682
 1982 1 1 1 0 1 1.815
 1984 1 1 1 0 1 0.173
 1985 1 1 1 0 1 0.253
 1986 1 1 1 0 1 0.375
 1987 1 1 1 0 1 0.122
 1988 1 1 1 0 1 0.079
 1989 1 1 1 0 1 0.071
 1990 1 1 1 0 1 0.043
 1991 1 1 1 0 1 0.019
 1992 1 1 1 0 1 0.142
 1993 1 1 1 0 1 0.008
 1994 1 1 1 0 1 0.001
 2002 1 1 1 0 1 0.001
 2003 1 1 1 0 1 0.005
 2004 1 1 1 0 1 0.011
 2014 1 1 1 0 1 0.169
 2015 1 1 1 0 1 0.435
 2016 1 1 1 0 1 0.316
 2017 1 1 1 0 1 0.432
 1972 2 1 1 0 1 3.613
 1973 2 1 1 0 1 1.388
 1974 2 1 1 0 1 2.122
 1975 2 1 1 0 1 1.536
 1976 2 1 1 0 1 3.466
 1977 2 1 1 0 1 5.856
 1978 2 1 1 0 1 2.038
 1979 2 1 1 0 1 1.271
 1980 2 1 1 0 1 1.641
 1981 2 1 1 0 1 1.051
 1982 2 1 1 0 1 0.17
 1984 2 1 1 0 1 1.653
 1985 2 1 1 0 1 3.018
 1986 2 1 1 0 1 3.732
 1987 2 1 1 0 1 2.077
 1988 2 1 1 0 1 3.55
 1989 2 1 1 0 1 3.657
 1990 2 1 1 0 1 2.285
 1991 2 1 1 0 1 1.348
 1992 2 1 1 0 1 1.238
 1993 2 1 1 0 1 2.2
 1994 2 1 1 0 1 2.363
 1995 2 1 1 0 1 0.706
 1999 2 1 1 0 1 0.256
 2000 2 1 1 0 1 1.239
 2001 2 1 1 0 1 1.012
 2002 2 1 1 0 1 2.061
 2003 2 1 1 0 1 1.446
 2004 2 1 1 0 1 1.909
 2005 2 1 1 0 1 1.75
 2006 2 1 1 0 1 0.957
 2008 2 1 1 0 1 0.513
 2009 2 1 1 0 1 0.713
 2010 2 1 1 0 1 0.475
 2011 2 1 1 0 1 0.883
 2012 2 1 1 0 1 0.466
 2013 2 1 1 0 1 0.743
 2014 2 1 1 0 1 0.718
 2015 2 1 1 0 1 0.737
 2016 2 1 1 0 1 0.729
 2017 2 1 1 0 1 1.019
 1972 3 1 1 0 1 0.004
 1974 3 1 1 0 1 1.515
 1975 3 1 1 0 1 0.011
 1976 3 1 1 0 1 0.276
 1977 3 1 1 0 1 1.494
 1978 3 1 1 0 1 3.031
 1979 3 1 1 0 1 1.236
 1980 3 1 1 0 1 1.046
 1981 3 1 1 0 1 0.356
 1984 3 1 1 0 1 1.88
 1985 3 1 1 0 1 3.476
 1986 3 1 1 0 1 4.573
 1987 3 1 1 0 1 4.071
 1988 3 1 1 0 1 4.34
 1989 3 1 1 0 1 4.745
 1990 3 1 1 0 1 2.361
 1991 3 1 1 0 1 2.143
 1992 3 1 1 0 1 3.797
 1993 3 1 1 0 1 4.112
 1994 3 1 1 0 1 2.324
 1995 3 1 1 0 1 1.355
 1996 3 1 1 0 1 3.086
 1997 3 1 1 0 1 5.541
 1998 3 1 1 0 1 3.217
 1999 3 1 1 0 1 1.859
 2000 3 1 1 0 1 3.076
 2001 3 1 1 0 1 1.906
 2002 3 1 1 0 1 2.432
 2003 3 1 1 0 1 2.562
 2004 3 1 1 0 1 2.192
 2005 3 1 1 0 1 2.05
 2006 3 1 1 0 1 1.661
 2007 3 1 1 0 1 0.969
 2008 3 1 1 0 1 1.148
 2009 3 1 1 0 1 1.286
 2010 3 1 1 0 1 1.01
 2011 3 1 1 0 1 1.264
 2012 3 1 1 0 1 0.917
 2013 3 1 1 0 1 1.284
 2014 3 1 1 0 1 1.116
 2015 3 1 1 0 1 0.991
 2016 3 1 1 0 1 1.38
 2017 3 1 1 0 1 1.398
 2018 3 1 1 0 1 0.417
ct
 52.898 41.9325 2.28271 19.1106 12.5166 8.66108 13.9598 5.71885 9.90113 11.474 14.2558 10.9754 11.4166 11.3203 17.8961 16.0739 11.4525 2.96575 1.86328 32.1693 1.21557 0.282386 0.233605 0.198243 0.740053 1.04903 8.36558 3.11967 1.00914 2.40685 2.51466 0.219751 0.321071 0.473477 0.152978 0.0987537 0.0889066 0.0539706 0.0238677 0.177249 0.0100532 0.00125713 0.00125718 0.00628487 0.0138218 0.212204 0.54451 0.395419 0.538752 10.8673 2.20334 3.70743 2.37157 6.25568 18.2006 3.29225 1.94534 2.55132 1.4267 0.215512 2.31694 4.30275 4.905 2.50177 3.62035 3.86647 2.64914 1.60585 1.46689 2.48023 2.60236 0.847495 0.318849 1.49661 1.24006 2.46342 1.72881 2.20329 2.00633 1.1465 0.632563 0.876158 0.588746 1.08442 0.579849 0.924891 0.897941 0.919778 0.906708 1.25722 0.00502697 2.22723 0.013843 0.353341 1.99529 3.29095 1.6651 1.49034 0.459075 2.67358 4.90554 5.57903 4.42135 4.01629 4.38664 2.61716 2.45135 4.03401 4.17961 2.52073 1.557 3.26774 5.29498 3.43663 2.17619 3.49631 2.29031 2.90471 2.99396 2.50926 2.31155 1.92647 1.16502 1.38677 1.55397 1.23505 1.54339 1.13116 1.58868 1.39296 1.23654 1.7087 1.72001 0
eta
 -0.142664 0.222444 -0.202101 0.355801 0.35248 0.161782 0.697275 -0.234592 0.0320889 0.476393 1.09811 0.924331 1.25949 0.972264 0.904393 0.0732235 -0.359014 -0.360549 -0.337159 -2.21825 -0.326465 -0.258779 -0.249625 -0.246066 -0.271667 -0.281056 -0.865949 -0.5444 -0.312907 -0.358334 -0.326053 -0.239205 -0.238274 -0.233177 -0.226271 -0.223181 -0.224907 -0.227239 -0.228089 -0.221731 -0.228448 -0.228827 -0.228865 -0.228707 -0.228353 -0.227648 -0.224541 -0.224205 -0.220829 -1.10122 -0.462109 -0.55798 -0.434372 -0.590489 -1.13399 -0.479602 -0.425633 -0.441304 -0.30562 -0.237216 -0.337654 -0.35466 -0.273311 -0.186073 -0.0196227 -0.055698 -0.147868 -0.175031 -0.169645 -0.119895 -0.0964881 -0.18267 -0.219539 -0.1889 -0.20323 -0.178359 -0.178632 -0.143373 -0.136692 -0.180667 -0.209504 -0.206065 -0.214681 -0.205472 -0.218583 -0.218979 -0.223635 -0.221544 -0.218147 -0.21008 -0.228523 -0.385345 -0.229886 -0.247034 -0.289335 -0.0822831 -0.298004 -0.354034 -0.254282 -0.352145 -0.344482 -0.198845 -0.0825564 0.0775158 0.0785286 -0.103005 -0.134432 -0.0605487 -0.0163074 -0.0812597 -0.138962 -0.0572221 0.0454158 -0.0660407 -0.157538 -0.128077 -0.18368 -0.17762 -0.15581 -0.135174 -0.120079 -0.148268 -0.184229 -0.188956 -0.189277 -0.201163 -0.199699 -0.209894 -0.212925 -0.221683 -0.221358 -0.213647 -0.207288 0
q
 2.25519 1.26607
qt
 0 0 0 0 0 0 0 0 0 0 0 0 0 0 0 0 0 0 0 0 0 0 0 0 0 0 0 0 0 0 0 0 0 0 0 0 0
 0 0 0 0 0 0 0 0 0 0 0 0 0 0 0 0 0 0 0 0 0 0 0 0 0 0 0 0 0 0 0 0 0
d3_survey_data
 1951 27.149 4 1 1 0 1 1
 1952 24.047 4 1 1 0 1 1
 1953 28.468 4 1 1 0 1 1
 1954 13.535 4 1 1 0 1 1
 1955 14.482 4 1 1 0 1 1
 1956 14.533 4 1 1 0 1 1
 1957 27.518 4 1 1 0 1 1
 1958 9.882 4 1 1 0 1 1
 1959 40.961 4 1 1 0 1 1
 1960 16.545 4 1 1 0 1 1
 1961 12.059 4 1 1 0 1 1
 1962 26.329 4 1 1 0 1 1
 1963 16.981 4 1 1 0 1 1
 1964 26.919 4 1 1 0 1 1
 1965 6.055 4 1 1 0 1 1
 1966 7.105 4 1 1 0 1 1
 1967 3.386 4 1 1 0 1 1
 1968 5.197 4 1 1 0 1 1
 1969 0.965 4 1 1 0 1 1
 1970 8.814 4 1 1 0 1 1
 1971 8.48 4 1 1 0 1 1
 1972 8.774 4 1 1 0 1 1
 1973 10.959 4 1 1 0 1 1
 1974 9.244 4 1 1 0 1 1
 1975 10.565 4 1 1 0 1 1
 1976 15.199 4 1 1 0 1 1
 1977 10.425 4 1 1 0 1 1
 1978 4.734 4 1 1 0 1 1
 1979 7.6 4 1 1 0 1 1
 1980 11.001 4 1 1 0 1 1
 1981 12.939 4 1 1 0 1 1
 1982 16.108 4 1 1 0 1 1
 1983 23.575 4 1 1 0 1 1
 1984 25.702 4 1 1 0 1 1
 1985 30.675 4 1 1 0 1 1
 1986 25.58 4 1 1 0 1 1
 1987 38.673 4 1 1 0 1 1
 1988 33.957 5 1 1 0 1.1666 1
 1989 14.876 5 1 1 0 1.1666 1
 1990 21.177 5 1 1 0 1.1666 1
 1991 24.305 5 1 1 0 1.1666 1
 1992 38.585 5 1 1 0 1.1666 1
 1993 23.251 5 1 1 0 1.1666 1
 1994 14.683 5 1 1 0 1.1666 1
 1995 16.879 5 1 1 0 1.1666 1
 1996 22.664 5 1 1 0 1.1666 1
 1997 23.607 5 1 1 0 1.1666 1
 1998 17.997 5 1 1 0 1.1666 1
 1999 27.742 5 1 1 0 1.1666 1
 2000 17.943 5 1 1 0 1.1666 1
 2001 35.07 5 1 1 0 1.1666 1
 2002 20.503 5 1 1 0 1.1666 1
 2003 34.63 5 1 1 0 1.1666 1
 2004 31.104 5 1 1 0 1.1666 1
 2005 28.172 5 1 1 0 1.1666 1
 2006 10.255 5 1 1 0 1.1666 1
 2007 15.7 5 1 1 0 1.1666 1
 2008 12.728 5 1 1 0 1.1666 1
 2009 11.961 5 1 1 0 1.1666 1
 2010 28.607 5 1 1 0 1.1666 1
 2011 21.097 5 1 1 0 1.1666 1
 2012 22.716 5 1 1 0 1.1666 1
 2013 25.755 5 1 1 0 1.1666 1
 2014 17.125 5 1 1 0 1.1666 1
 2015 17.407 5 1 1 0 1.1666 1
 2016 18.985 5 1 1 0 1.1666 1
 2017 19.235 5 1 1 0 1.1666 1
 2018 14.155 5 1 1 0 1.1666 1
 2019 27.19 5 1 1 0 1.1666 1
 2020 25.845 5 1 1 0 1.1666 1
it_hat
 44.057 3.56966 13.7739 3.42128 3.84871 5.44694 2.27712 7.88578 11.6826 7.23089 3.94312 5.61336 3.7479 4.02488 3.71628 3.03998 3.70154 15.3756 33.7272 46.4771 9.06848 11.5753 22.0148 32.9696 32.4135 43.3163 20.0448 15.0155 24.0429 28.7843 33.8258 39.0922 47.5113 42.1885 32.9272 34.6218 32.6805
 15.7499 14.9983 19.1022 19.7563 19.65 19.0415 18.1368 21.7496 23.3791 20.733 19.7896 25.1726 21.2147 21.9891 20.0745 20.4066 19.5051 17.5004 19.2313 19.8521 22.2305 24.1421 24.997 24.7588 24.1457 25.202 25.427 24.5937 23.3129 24.4297 0 0 0
it_wt
 0.927179 0.927179 0.927179 0.927179 0.927179 0.927179 0.927179 0.927179 0.927179 0.927179 0.927179 0.927179 0.927179 0.927179 0.927179 0.927179 0.927179 0.927179 0.927179 0.927179 0.927179 0.927179 0.927179 0.927179 0.927179 0.927179 0.927179 0.927179 0.927179 0.927179 0.927179 0.927179 0.927179 0.927179 0.927179 0.927179 0.927179
 1.08165 1.08165 1.08165 1.08165 1.08165 1.08165 1.08165 1.08165 1.08165 1.08165 1.08165 1.08165 1.08165 1.08165 1.08165 1.08165 1.08165 1.08165 1.08165 1.08165 1.08165 1.08165 1.08165 1.08165 1.08165 1.08165 1.08165 1.08165 1.08165 1.08165 1.08165 1.08165 1.08165
epsilon
 -0.484144 1.90754 0.726006 1.37527 1.32517 0.981368 2.49193 0.225654 1.25452 0.827722 1.11784 1.54552 1.5109 1.90034 0.488162 0.848949 -0.0891003 -1.0847 -3.55393 -1.66262 -0.0670942 -0.277078 -0.697556 -1.27161 -1.12103 -1.0473 -0.653765 -1.15431 -1.15169 -0.961845 -0.960978 -0.886607 -0.700782 -0.495579 -0.0708517 -0.302672 0.168364
 0.768264 -0.00818704 0.103111 0.207212 0.674787 0.199729 -0.21125 -0.253524 -0.0310635 0.129816 -0.0949522 0.0971931 -0.167492 0.4668 0.0211227 0.528863 0.466661 0.476103 -0.628774 -0.234647 -0.557661 -0.702307 0.134894 -0.16005 -0.0610381 0.0217066 -0.395274 -0.34562 -0.205357 -0.239068 0 0 0
n_A_sage
 2 2 2
n_A_nage
 10 10 10
d3_A
 1951 1 1 1 0 203 852 2739 486 263 124 12 2 1
 1952 1 1 1 0 282 522 1994 2679 364 61 18 2 0
 1953 1 1 1 0 17 541 327 361 158 14 1 0 0
 1954 1 1 1 0 56 753 772 638 351 69 16 1 0
 1955 1 1 1 0 31 55 795 177 59 12 2 0 0
 1956 1 1 1 0 169 978 160 319 43 9 3 2 0
 1957 1 1 1 0 397 666 1767 817 658 78 19 2 0
 1958 1 1 1 0 388 302 78 106 17 20 0 0 0
 1959 1 1 1 0 54 1000 785 216 205 53 39 5 0
 1960 1 1 1 0 2067 263 1186 374 174 106 28 8 0
 1961 1 1 1 0 419 2508 313 774 187 69 25 5 0
 1962 1 1 1 0 53 535 789 119 171 55 17 8 5
 1963 1 1 1 0 1342 454 621 753 123 101 17 2 2
 1964 1 1 1 0 126 2208 344 372 301 24 20 4 1
 1965 1 1 1 0 201 457 1723 365 401 345 70 18 7
 1966 1 1 1 0 0 23 93 102 71 83 42 14 7
 1973 1 1 1 0 35 73 12 20 7 4 2 0 0
 1975 1 1 1 0 1 9 13 37 12 10 2 2 0
 1976 1 1 1 0 0 8 11 16 27 29 57 14 0
 1977 1 1 1 0 2 120 80 117 85 55 38 12 2
 1978 1 1 1 0 12 90 247 140 130 101 48 15 9
 1979 1 1 1 0 11 72 76 182 144 121 62 34 17
 1980 1 1 1 0 13 672 67 82 77 61 44 20 11
 1981 1 1 1 0 30 238 1623 294 302 260 123 64 33
 1982 1 1 1 0 7 144 280 520 130 78 44 22 7
 1984 1 1 1 0 9 168 76 75 50 97 15 1 2
 1985 1 1 1 0 97 52 163 178 74 34 26 5 2
 2014 1 1 1 0 4 11 41 45 40 23 5 5 2
 2015 1 1 1 0 98 373 32 18 17 15 4 3 0
 2016 1 1 1 0 6 80 158 10 23 30 22 11 5
 2017 1 1 1 0 7 57 79 237 28 14 18 16 8
 1972 2 1 1 0 0 38 128 460 42 27 17 1 1
 1973 2 1 1 0 2 263 35 242 212 27 10 6 0
 1974 2 1 1 0 1 113 336 47 104 28 2 1 0
 1975 2 1 1 0 172 366 690 1329 345 299 77 18 5
 1976 2 1 1 0 0 6 49 226 357 52 17 6 0
 1977 2 1 1 0 1 210 49 297 495 197 43 12 6
 1978 2 1 1 0 9 93 261 76 168 162 19 5 2
 1979 2 1 1 0 27 182 123 319 123 189 65 15 8
 1980 2 1 1 0 18 2262 208 147 113 100 37 11 3
 1981 2 1 1 0 15 370 2710 110 56 49 13 5 2
 1982 2 1 1 0 100 296 115 1025 44 21 6 3 0
 1983 2 1 1 0 437 1016 822 242 2256 171 52 27 10
 1984 2 1 1 0 17 1138 436 314 448 721 31 9 4
 1985 2 1 1 0 130 328 2237 516 263 429 327 8 6
 1986 2 1 1 0 99 778 534 2616 611 298 401 313 5
 1987 2 1 1 0 42 1904 490 327 1423 281 165 136 60
 1988 2 1 1 0 19 1306 1646 251 352 488 82 61 16
 1989 2 1 1 0 22 784 1307 1001 178 162 129 23 10
 1990 2 1 1 0 33 920 1143 1431 1040 203 168 109 21
 1991 2 1 1 0 113 1990 391 519 649 391 68 36 48
 1992 2 1 1 0 15 1699 1587 251 228 287 146 26 26
 1993 2 1 1 0 5 432 1783 1216 162 177 175 63 14
 1994 2 1 1 0 44 325 885 3246 1487 276 248 96 36
 1995 2 1 1 0 140 673 297 495 1898 692 107 56 35
 1996 2 1 1 0 29 1763 241 76 115 316 140 10 7
 1997 2 1 1 0 35 615 1447 216 68 133 128 50 6
 1998 2 1 1 0 4 702 465 768 94 30 23 27 3
 1999 2 1 1 0 17 95 706 350 425 76 18 15 18
 2000 2 1 1 0 77 1111 381 1132 498 646 89 20 18
 2001 2 1 1 0 79 1430 875 235 702 315 260 39 6
 2002 2 1 1 0 228 849 1526 846 186 430 167 82 13
 2003 2 1 1 0 11 2253 502 593 312 90 131 47 22
 2004 2 1 1 0 23 50 1700 273 238 98 19 28 3
 2005 2 1 1 0 21 856 268 1297 279 166 59 13 13
 2006 2 1 1 0 29 327 887 176 460 78 32 9 3
 2007 2 1 1 0 27 355 161 78 22 72 9 7 1
 2008 2 1 1 0 69 578 2062 448 310 65 135 29 10
 2009 2 1 1 0 11 847 703 1723 286 197 45 59 3
 2010 2 1 1 0 41 1095 888 377 676 108 54 10 13
 2011 2 1 1 0 17 1230 1058 527 208 294 49 19 6
 2012 2 1 1 0 97 301 1452 717 312 164 123 13 4
 2013 2 1 1 0 20 1167 490 609 328 89 62 25 1
 2014 2 1 1 0 9 110 663 186 230 102 41 15 4
 2015 2 1 1 0 41 1206 168 549 162 185 71 23 9
 2016 2 1 1 0 34 303 987 132 366 87 71 26 10
 2017 2 1 1 0 33 382 441 1035 154 274 66 43 11
 2018 2 1 1 0 77 665 212 255 305 46 28 14 10
 2019 2 1 1 0 18 689 326 90 106 63 10 6 0
 1974 3 1 1 0 0 1 41 22 36 3 1 0 0
 1975 3 1 1 0 0 0 15 28 4 0 0 0 0
 1976 3 1 1 0 0 0 9 33 13 2 0 0 0
 1977 3 1 1 0 0 3 6 56 152 41 19 4 0
 1978 3 1 1 0 0 0 31 9 49 50 10 2 0
 1979 3 1 1 0 3 3 21 108 41 58 21 5 1
 1980 3 1 1 0 0 17 43 154 110 104 45 17 3
 1981 3 1 1 0 0 2 166 66 98 63 24 8 0
 1984 3 1 1 0 0 5 10 65 108 290 17 6 4
 1985 3 1 1 0 0 2 90 82 87 120 164 2 3
 1986 3 1 1 0 0 5 55 686 242 111 99 73 3
 1987 3 1 1 0 0 10 53 122 973 283 155 105 60
 1988 3 1 1 0 0 3 46 51 153 318 83 36 20
 1989 3 1 1 0 0 0 22 145 65 112 104 16 12
 1990 3 1 1 0 0 0 34 116 231 56 63 33 11
 1991 3 1 1 0 0 0 39 171 288 287 61 40 30
 1992 3 1 1 0 0 3 112 80 195 225 164 34 43
 1993 3 1 1 0 0 0 62 302 71 138 99 61 12
 1994 3 1 1 0 0 0 24 160 434 110 101 54 16
 1995 3 1 1 0 0 1 10 144 295 334 35 16 13
 1996 3 1 1 0 0 4 21 29 132 167 135 16 7
 1997 3 1 1 0 0 1 123 73 88 128 130 70 18
 1998 3 1 1 0 0 7 33 466 222 107 122 76 49
 1999 3 1 1 0 0 0 78 119 357 97 33 14 23
 2000 3 1 1 0 0 1 17 187 166 342 76 9 13
 2001 3 1 1 0 0 3 58 97 337 215 266 55 9
 2002 3 1 1 0 0 1 62 178 103 241 139 135 20
 2003 3 1 1 0 0 3 40 323 226 92 107 46 33
 2004 3 1 1 0 0 1 244 151 412 172 55 53 29
 2005 3 1 1 0 0 0 6 350 136 195 44 10 13
 2006 3 1 1 0 0 0 14 36 303 77 69 7 0
 2007 3 1 1 0 1 11 40 208 108 630 150 65 15
 2008 3 1 1 0 0 1 126 102 224 108 519 77 40
 2009 3 1 1 0 0 1 20 406 187 144 53 92 11
 2010 3 1 1 0 0 0 19 72 492 145 78 31 30
 2011 3 1 1 0 0 2 49 138 282 601 108 45 19
 2012 3 1 1 0 0 0 35 110 150 225 370 54 28
 2013 3 1 1 0 1 47 18 209 242 100 102 54 9
 2014 3 1 1 0 0 1 55 120 363 277 105 72 19
 2015 3 1 1 0 0 18 10 150 209 342 213 52 30
 2016 3 1 1 0 0 2 234 65 172 216 198 88 26
 2017 3 1 1 0 0 2 40 557 119 158 122 76 23
 2018 3 1 1 0 0 11 26 129 412 58 42 32 13
A_hat
 0.0105748 0.294268 0.272252 0.166548 0.100969 0.0612013 0.0370966 0.0224857 0.034605
 0.127065 0.386814 0.273382 0.0850478 0.0503064 0.0304788 0.0184743 0.011198 0.0172335
 0.0801143 0.918971 0.000913726 6.10978e-007 1.47344e-007 8.67424e-008 5.25495e-008 3.18521e-008 4.90195e-008
 0.151187 0.619195 0.229519 9.88845e-005 6.4562e-008 1.5563e-008 9.16194e-009 5.55041e-009 8.54185e-009
 0.224385 0.772046 0.0035601 9.2151e-006 3.31328e-009 2.15597e-012 5.19674e-013 3.05932e-013 4.70563e-013
 0.12571 0.870444 0.00384519 1.23155e-007 2.65972e-010 9.53076e-014 6.20132e-017 1.49477e-017 2.23347e-017
 0.22305 0.717842 0.0590737 3.40711e-005 1.0167e-009 2.19283e-012 7.85752e-016 5.11261e-019 3.0737e-019
 0.100789 0.897689 0.00152238 2.59705e-007 1.19524e-010 3.55169e-015 7.65972e-018 2.74469e-021 2.85954e-024
 0.0671543 0.741929 0.19083 8.71578e-005 1.425e-008 6.5531e-012 1.94724e-016 4.1995e-019 1.50637e-022
 0.0750199 0.70005 0.209762 0.0151622 6.64852e-006 1.08619e-009 4.99494e-013 1.48424e-017 3.20212e-020
 0.137694 0.738479 0.116626 0.00673928 0.000460834 2.01863e-007 3.29783e-011 1.51654e-014 4.5161e-019
 0.129505 0.849641 0.0207378 0.000110622 5.6562e-006 3.85891e-007 1.69028e-010 2.76141e-014 1.2699e-017
 0.160123 0.790828 0.0489381 0.000110601 5.42419e-007 2.76909e-008 1.88914e-009 8.27484e-013 1.35248e-016
 0.182714 0.803333 0.0139302 2.32638e-005 4.61338e-008 2.25703e-010 1.15218e-011 7.86044e-013 3.4436e-016
 0.315274 0.676971 0.00775249 2.64547e-006 3.83126e-009 7.5775e-012 3.70699e-014 1.89236e-015 1.29158e-016
 0.371655 0.628312 3.35199e-005 3.71954e-011 9.05241e-015 1.30276e-017 2.57632e-020 1.26036e-022 6.87308e-024
 0.0457656 0.692633 0.249402 0.0102653 0.00111629 0.000601565 0.000215779 3.23599e-007 4.20971e-014
 0.0252311 0.407605 0.402373 0.144317 0.0195453 0.000781592 8.49485e-005 4.57779e-005 1.6445e-005
 0.0230998 0.361569 0.366395 0.177626 0.0624532 0.00845504 0.000338105 3.67474e-005 2.69167e-005
 0.0336451 0.418904 0.313011 0.141346 0.0664398 0.0233433 0.00316022 0.000126373 2.37956e-005
 0.0549537 0.648406 0.227277 0.0419473 0.0165569 0.00774985 0.00272266 0.000368594 1.75149e-005
 0.0460185 0.665608 0.27065 0.015255 0.00150577 0.000580946 0.00027181 9.5491e-005 1.35419e-005
 0.0332263 0.51776 0.394323 0.0521084 0.00222614 0.000217571 8.39262e-005 3.92669e-005 1.57514e-005
 0.0269026 0.425619 0.401849 0.129773 0.0151108 0.000642785 6.28172e-005 2.42312e-005 1.58849e-005
 0.0230416 0.373523 0.376633 0.168239 0.0521935 0.00607069 0.000258231 2.5236e-005 1.61161e-005
 0.0189166 0.309586 0.341074 0.185357 0.0912027 0.0399585 0.0123921 0.00144133 7.11282e-005
 0.0220926 0.349435 0.332646 0.156474 0.078264 0.0384069 0.0168263 0.00521825 0.000636889
 0.0173497 0.288523 0.323985 0.177176 0.0926269 0.0484743 0.0254158 0.0132421 0.0132067
 0.0174783 0.289493 0.323467 0.176889 0.0922942 0.0481842 0.0252155 0.0132209 0.0137582
 0.0177751 0.294502 0.323417 0.174098 0.0911032 0.0474741 0.0247843 0.01297 0.0138771
 0.0181972 0.299981 0.327882 0.171476 0.0872759 0.0455923 0.0237575 0.0124028 0.0134351
 0.0758385 0.773604 0.125722 0.0143295 0.00772916 0.00277247 4.1578e-006 5.4089e-013 1.44778e-021
 0.0457656 0.692633 0.249402 0.0102653 0.00111629 0.000601565 0.000215779 3.23599e-007 4.20971e-014
 0.0310945 0.487977 0.413026 0.0648067 0.00260476 0.000283129 0.000152576 5.47284e-005 8.20749e-008
 0.0252311 0.407605 0.402373 0.144317 0.0195453 0.000781592 8.49485e-005 4.57779e-005 1.6445e-005
 0.0230998 0.361569 0.366395 0.177626 0.0624532 0.00845504 0.000338105 3.67474e-005 2.69167e-005
 0.0336451 0.418904 0.313011 0.141346 0.0664398 0.0233433 0.00316022 0.000126373 2.37956e-005
 0.0549537 0.648406 0.227277 0.0419473 0.0165569 0.00774985 0.00272266 0.000368594 1.75149e-005
 0.0460185 0.665608 0.27065 0.015255 0.00150577 0.000580946 0.00027181 9.5491e-005 1.35419e-005
 0.0332263 0.51776 0.394323 0.0521084 0.00222614 0.000217571 8.39262e-005 3.92669e-005 1.57514e-005
 0.0269026 0.425619 0.401849 0.129773 0.0151108 0.000642785 6.28172e-005 2.42312e-005 1.58849e-005
 0.0230416 0.373523 0.376633 0.168239 0.0521935 0.00607069 0.000258231 2.5236e-005 1.61161e-005
 0.0195981 0.329313 0.362138 0.181639 0.0796097 0.0246891 0.00287159 0.00012215 1.95606e-005
 0.0189166 0.309586 0.341074 0.185357 0.0912027 0.0399585 0.0123921 0.00144133 7.11282e-005
 0.0220926 0.349435 0.332646 0.156474 0.078264 0.0384069 0.0168263 0.00521825 0.000636889
 0.0263988 0.41138 0.348425 0.122249 0.048557 0.0241456 0.0118478 0.00519059 0.0018062
 0.0275626 0.441454 0.370456 0.107836 0.0302319 0.0119134 0.00592323 0.00290641 0.0017164
 0.0278202 0.436759 0.381897 0.114106 0.0265487 0.00738412 0.00290941 0.00144653 0.00112895
 0.0296206 0.459625 0.368584 0.107889 0.0255331 0.00589199 0.00163852 0.00064559 0.00057149
 0.0278197 0.44598 0.38969 0.105868 0.0233115 0.00546071 0.00125987 0.000350358 0.000260243
 0.0244823 0.400899 0.39256 0.139835 0.0327833 0.00718222 0.00168227 0.000388124 0.000188106
 0.0233197 0.381997 0.37715 0.153862 0.0489476 0.0114321 0.00250439 0.000586596 0.000200928
 0.0239046 0.386562 0.3732 0.145262 0.0503531 0.0159285 0.00371985 0.00081489 0.000256248
 0.0239047 0.385506 0.37625 0.144429 0.047039 0.016204 0.00512531 0.00119693 0.00034466
 0.0219327 0.363785 0.375305 0.158673 0.0541817 0.0175767 0.0060544 0.001915 0.000575993
 0.0202267 0.33962 0.365881 0.172074 0.0679062 0.0231376 0.00750563 0.00258535 0.0010637
 0.0205127 0.344024 0.360136 0.164643 0.0695352 0.0273428 0.00931585 0.00302197 0.00146921
 0.0205932 0.345774 0.372542 0.159367 0.0609831 0.025595 0.0100633 0.00342863 0.00165295
 0.0195454 0.327563 0.368498 0.176311 0.0660903 0.0251752 0.0105653 0.004154 0.00209761
 0.0197229 0.325265 0.34906 0.178444 0.0791228 0.029587 0.0112698 0.0047296 0.00279857
 0.0199594 0.330232 0.352621 0.166929 0.0760964 0.0336109 0.0125675 0.00478699 0.00319768
 0.0204988 0.333482 0.347927 0.167701 0.0733229 0.0333397 0.0147251 0.00550585 0.00349811
 0.0212041 0.34765 0.351118 0.15803 0.0687368 0.0299512 0.0136179 0.00601456 0.00367774
 0.021416 0.348689 0.358381 0.158223 0.0640335 0.0277533 0.0120924 0.00549801 0.00391312
 0.0217079 0.353149 0.35641 0.159464 0.063764 0.0257211 0.0111473 0.00485699 0.00378005
 0.0211617 0.349159 0.360876 0.15995 0.0646811 0.0257769 0.0103972 0.00450607 0.00349134
 0.0194276 0.326543 0.361808 0.173452 0.0707518 0.0285333 0.0113706 0.00458638 0.00352778
 0.0181619 0.303374 0.347403 0.187539 0.0852453 0.0347156 0.0139999 0.005579 0.00398123
 0.0178049 0.296664 0.333839 0.184733 0.0946443 0.0429523 0.0174915 0.00705388 0.00481694
 0.0174734 0.292095 0.330244 0.180214 0.0946067 0.0483925 0.0219613 0.00894331 0.00606948
 0.0173747 0.288981 0.326008 0.180014 0.0939352 0.0492488 0.0251908 0.011432 0.00781492
 0.0172728 0.288632 0.325248 0.178072 0.0934863 0.0487092 0.0255368 0.0130621 0.00998001
 0.0172287 0.287063 0.32395 0.178305 0.0934568 0.0490022 0.0255311 0.0133852 0.0120776
 0.0173497 0.288523 0.323985 0.177176 0.0926269 0.0484743 0.0254158 0.0132421 0.0132067
 0.0174783 0.289493 0.323467 0.176889 0.0922942 0.0481842 0.0252155 0.0132209 0.0137582
 0.0177751 0.294502 0.323417 0.174098 0.0911032 0.0474741 0.0247843 0.01297 0.0138771
 0.0181972 0.299981 0.327882 0.171476 0.0872759 0.0455923 0.0237575 0.0124028 0.0134351
 0 0 0 0 0 0 0 0 0
 0 0 0 0 0 0 0 0 0
 0.00196402 0.0594667 0.712418 0.215669 0.00882124 0.00095915 0.000516881 0.000185403 2.78045e-007
 0.00123072 0.0383595 0.535975 0.370889 0.0511166 0.00204475 0.000222238 0.000119762 4.30226e-005
 0.000966177 0.0291777 0.418497 0.391435 0.140056 0.0189672 0.000758474 8.24359e-005 6.03825e-005
 0.00154133 0.0370254 0.391587 0.341164 0.163193 0.0573555 0.00776485 0.000310505 5.84671e-005
 0.00490979 0.111769 0.554518 0.197458 0.0793125 0.0371362 0.0130467 0.00176626 8.39295e-005
 0.00476518 0.132977 0.76533 0.0832268 0.00835992 0.00322642 0.00150957 0.000530335 7.52084e-005
 0.00226271 0.0680276 0.733316 0.186964 0.00812824 0.000794666 0.000306538 0.000143421 5.75314e-005
 0.00137896 0.0420908 0.562486 0.350466 0.0415281 0.0017671 0.000172693 6.66151e-005 4.36699e-005
 0.000688499 0.0217397 0.339003 0.355446 0.177978 0.0780025 0.0241906 0.00281362 0.000138849
 0.000866475 0.0264415 0.356275 0.323338 0.164577 0.08079 0.0353949 0.0109768 0.00133972
 0.00121737 0.036601 0.438775 0.297022 0.120057 0.0597193 0.0293034 0.012838 0.0044673
 0.00141326 0.0436714 0.518718 0.29132 0.0831122 0.0327625 0.0162892 0.00799282 0.00472021
 0.00143219 0.0433802 0.536883 0.309494 0.0732791 0.0203881 0.00803315 0.00399398 0.00311712
 0.00160074 0.0479228 0.543948 0.307192 0.0739825 0.0170776 0.00474918 0.00187122 0.00165644
 0.00148364 0.0458883 0.567531 0.29747 0.066657 0.0156194 0.00360364 0.00100214 0.000744384
 0.00115758 0.0365715 0.50687 0.348351 0.0831091 0.0182135 0.00426613 0.000984257 0.000477026
 0.00103275 0.0326394 0.456119 0.35901 0.116225 0.0271542 0.0059486 0.00139332 0.000477256
 0.00106595 0.0332572 0.454455 0.341281 0.120387 0.0380951 0.00889656 0.00194893 0.000612854
 0.00106714 0.0332033 0.458679 0.339702 0.112589 0.0387972 0.0122716 0.00286583 0.000825221
 0.000927827 0.0296914 0.433564 0.353657 0.122892 0.0398797 0.0137368 0.00434494 0.00130687
 0.000802226 0.0259881 0.396282 0.359576 0.144404 0.0492185 0.0159661 0.00549961 0.00226273
 0.000816303 0.0264137 0.391371 0.345205 0.148365 0.0583593 0.0198835 0.00645002 0.00313584
 0.000833313 0.0269952 0.411673 0.339771 0.132309 0.0555491 0.0218407 0.00744124 0.00358743
 0.000757585 0.0244958 0.390046 0.360057 0.137348 0.0523356 0.0219639 0.00863564 0.00436065
 0.000746554 0.0237541 0.360815 0.355875 0.16058 0.0600663 0.0228796 0.00960188 0.00568156
 0.000765711 0.0244425 0.369418 0.337405 0.156523 0.0691569 0.0258587 0.00984964 0.00657951
 0.000788627 0.024753 0.365533 0.339925 0.151245 0.068793 0.0303838 0.0113608 0.00721803
 0.000843154 0.0266711 0.381271 0.331079 0.146546 0.0638764 0.0290428 0.0128272 0.00784349
 0.000860345 0.0270261 0.393163 0.334896 0.137924 0.0597981 0.0260547 0.0118462 0.00843137
 0.000878963 0.0275881 0.394091 0.340189 0.138429 0.0558576 0.0242084 0.0105478 0.00820904
 0.000852812 0.0271479 0.397149 0.339619 0.139758 0.0557149 0.022473 0.0097396 0.00754632
 0.000746145 0.0241966 0.379468 0.350984 0.145693 0.0587751 0.0234222 0.00944746 0.00726685
 0.000656434 0.0211554 0.342893 0.357131 0.165196 0.0672967 0.0271392 0.0108151 0.00771772
 0.000627093 0.0201589 0.321087 0.3428 0.178725 0.0811366 0.0330415 0.0133248 0.00909923
 0.000607867 0.019605 0.313733 0.330312 0.176462 0.0902919 0.0409761 0.0166867 0.0113246
 0.000598648 0.0192103 0.306743 0.326787 0.173532 0.0910097 0.0465517 0.0211259 0.0144417
 0.000594208 0.0191572 0.305552 0.322758 0.172434 0.0898724 0.0471177 0.0241007 0.018414
 0.00059031 0.0189764 0.303109 0.321879 0.171686 0.0900493 0.0469176 0.0245975 0.0221946
 0.000596124 0.0191265 0.303992 0.32074 0.170639 0.0893292 0.046837 0.0244029 0.0243376
 0.00060143 0.0192191 0.303955 0.320693 0.170278 0.0889259 0.0465366 0.0243998 0.0253915
 0.00061739 0.0197354 0.306764 0.3186 0.16966 0.088439 0.0461707 0.0241618 0.0258517
 0.000641421 0.0204006 0.315609 0.318454 0.164942 0.0861924 0.0449139 0.0234477 0.0253993
 0 0 0 0 0 0 0 0 0
A_nu
 1.58086 -0.31078 0.934743 -0.302953 -0.416533 -1.48533 0 0 0
 -0.759272 -1.25676 0.430546 1.8935 -0.308021 0 0 0 0
 0 -8.49475 -2.03209 5.37706 5.14979 0 0 0 0
 -7.54438 -6.35557 -5.33822 2.22093 8.95746 8.05978 0 0 0
 -7.49088 -8.15322 -0.10295 4.35156 11.3955 0 0 0 0
 -7.3222 -7.50161 -3.88977 7.14914 11.5644 0 0 0 0
 -6.30565 -6.95715 -3.48393 3.20276 13.544 0 0 0 0
 -5.98503 -8.42241 -3.39657 5.58639 0 12.2176 0 0 0
 -8.41966 -7.90314 -6.78734 -0.386333 8.28012 15.2164 0 0 0
 -2.70649 -7.00159 -4.29022 -2.81714 4.14983 12.6656 0 0 0
 -1.78649 -1.67667 -1.91209 1.8443 3.53095 0 0 0 0
 -6.20716 -5.77629 -1.67493 1.66702 5.00293 6.98843 0 0 0
 -4.62431 -7.30527 -4.20951 2.07561 5.58137 8.48212 0 0 0
 -6.24414 -4.86143 -2.66592 3.80725 9.96425 0 0 0 0
 -10.3904 -10.3332 -4.53645 1.89455 8.52603 14.8395 0 0 0
 0 -29.5456 -17.8452 -4.04132 3.91729 10.6172 16.1619 20.7358 0
 -0.0921063 -2.07396 -2.85808 0.843044 2.01197 2.16914 0 0 0
 0 -3.78619 -3.45085 -1.37951 -0.506244 2.53059 3.14044 3.45176 0
 0 -4.03419 -3.66707 -2.56834 -0.999829 1.07128 4.9662 5.23194 0
 0 -2.06248 -2.11582 -0.940646 -0.505253 0.105416 1.73534 3.78345 0
 0 -3.11892 -1.10481 0.0171991 0.872705 1.37942 1.95441 0 0
 0 -5.57368 -4.69506 -0.945868 1.13554 1.91392 2.00482 2.45012 3.71021
 0 -2.1772 -4.16738 -1.94151 1.14863 3.2412 3.89626 0 0
 0 -4.24641 -2.32661 -2.90477 -0.727546 2.28006 3.85715 4.06812 0
 0 -2.4369 -1.76782 -0.342894 -0.558765 1.0819 4.02448 0 0
 0 -0.204964 -1.08793 -0.491361 -0.187629 1.3003 0.671587 0 0
 1.59561 -1.78893 -0.597189 0.245033 0.060117 -0.00573691 0.491099 0 0
 0.121747 -1.67785 -0.478094 0.218549 0.749331 0.843491 -0.0369036 0.259731 0
 2.69579 1.22524 -1.34157 -1.31336 -0.719979 -0.54612 0 0 0
 0 -0.241665 0.331531 -1.80915 -0.328621 0.588891 0.928709 0.530307 0
 0 -0.836274 -0.65575 1.09107 -0.369414 -0.413227 0.489928 0.693664 0
 0 -5.2363 -2.11135 1.3396 -0.436638 0.146793 6.2979 0 0
 0 -2.90091 -3.83987 1.28402 3.37042 2.08634 0 0 0
 0 -2.67381 -1.36437 -1.47923 2.52908 2.98832 0 0 0
 -0.924902 -2.95199 -2.30501 -0.624149 0.026491 3.10255 3.67701 0 0
 0 0 -3.66093 -0.80592 0.696545 0.769707 3.0006 0 0
 0 -1.62638 -2.71776 -0.120818 1.14492 1.26956 2.05047 0 0
 0 -2.97802 -0.908772 -0.452803 1.27004 1.9928 1.07675 0 0
 -2.82637 -3.58986 -3.08181 0.747117 2.10971 3.49168 3.14954 0 0
 0 -0.938474 -2.99833 -1.32159 1.56842 3.68996 0 0 0
 0 -0.903443 1.16678 -0.263334 0 0 0 0 0
 1.04988 -0.650605 -1.60432 1.38908 -0.184037 0 0 0 0
 1.28431 -0.693567 -1.00047 -1.53327 1.52403 0.418976 0 0 0
 0 0.00228935 -1.00948 -0.727909 0.336688 1.39841 0 0 0
 0.180345 -1.65525 0.313864 -0.398732 -0.379882 0.821271 1.11839 0 0
 0 -1.67219 -1.94001 0.69636 0.165376 0.146009 1.15484 1.44962 0
 0 -0.991163 -2.13439 -1.30471 1.43757 0.746631 0.913007 1.33305 0
 0 -0.911861 -0.498946 -1.17157 0.624753 1.95763 0 0 0
 0 -1.71525 -0.948648 0.0131807 -0.272661 1.09953 1.82385 0 0
 0 -2.45064 -2.07341 -0.54553 0.648557 0.466158 1.74349 2.21138 0
 -0.38334 -0.310598 -1.91676 -0.601337 1.07273 2.1393 0 0 0
 0 -0.59587 -0.600828 -1.54839 -0.499191 1.18527 2.05901 0 0
 0 -1.81913 -0.317833 0.243012 -0.713237 0.526269 2.08092 0 0
 0 -2.46984 -1.51058 0.746474 1.08762 0.469225 1.6771 0 0
 -0.109858 -1.34834 -2.19753 -0.825808 1.59269 1.70949 1.17935 0 0
 0 0.57938 -1.44354 -1.84322 -0.499225 1.58825 1.61836 0 0
 0 -0.486644 0.325777 -0.793491 -1.08732 0.516907 1.52477 0 0
 0 -0.0950569 -0.529349 0.821545 -0.197139 0 0 0 0
 0 -1.76564 0.0156802 0.0511815 1.22657 0.472207 0 0 0
 0 -0.430989 -1.57995 0.179959 0.172092 1.41596 0.242932 0 0
 -0.231287 -0.141398 -0.698203 -1.26501 0.614899 0.630689 1.09031 0 0
 0.647587 -0.826923 -0.282983 -0.143055 -0.83052 0.795642 0.640252 0 0
 0 0.438361 -1.01865 -0.0537171 0.136592 -0.275888 0.7733 0 0
 0 -2.20172 0.978396 -0.0329267 0.734473 0.521775 0 0 0
 0 -0.318936 -1.454 0.92709 0.307122 0.538719 0 0 0
 0 -0.826078 0.112673 -0.691017 1.17512 0.229302 0 0 0
 0.620354 0.37477 -0.518495 -0.50798 -0.876922 0.908273 0 0 0
 0 -0.511425 0.570285 -0.339856 0.0803788 0 0.200618 0 0
 0 -0.300918 -0.559942 0.928271 -0.198773 0.131362 0 0 0
 0 0.146651 -0.1643 -0.415339 0.813026 -0.380038 0 0 0
 0 0.240111 0.0135764 -0.0894739 -0.368704 0.204491 0 0 0
 0.563555 -1.12007 0.334084 0.230863 0.0431636 0.0519733 -0.103572 0 0
 0 0.460988 -0.486394 0.328115 0.355306 -0.303438 -0.354576 0 0
 0 -1.21401 0.446114 -0.221361 0.639537 0.473975 -0.124255 0 0
 0 0.657264 -1.39961 0.388097 -0.181864 0.600845 -0.0647298 0 0
 0 -0.530502 0.509034 -0.883509 0.783946 -0.000971354 0.122003 0 0
 0 -0.668439 -0.637713 0.863609 -0.366226 0.859283 -0.0505136 0 0
 0 0 0 0 0 0 0 0 0
 0 0 0 0 0 0 0 0 0
 0 0 -2.1858 -1.5548 2.13426 1.60635 0 0 0
 0 0 -0.705551 0.358054 0.347497 0 0 0 0
 0 0 -1.14515 0.290535 0.386755 0.46786 0 0 0
 0 0 -2.85868 -0.798768 0.937191 0.672546 2.04771 0 0
 0 0 -1.76232 -1.77555 0.831177 1.61018 1.09651 0 0
 0 0 -4.26527 -0.494741 0.834819 2.13377 1.79142 0 0
 0 -3.22215 -4.6391 -1.99669 0.802408 3.0715 3.18635 2.79769 0
 0 0 -2.52446 -2.91122 -0.383015 2.33218 3.48651 0 0
 0 0 0 -1.84674 -0.153391 1.65928 0.340852 0 0
 0 0 -1.0724 -1.01661 -0.282102 0.751009 1.6201 0 0
 0 0 -2.53611 0.373284 0.237179 0.156085 0.753628 1.01593 0
 0 0 -3.4666 -2.14543 1.18516 0.881133 0.977889 1.30039 1.26746
 0 0 -3.27396 -2.60295 -0.063672 1.94727 1.53543 1.3989 1.05899
 0 0 -3.99755 -1.45335 -0.832049 1.17812 2.38381 1.44339 1.27763
 0 0 -3.99961 -2.04623 0.138355 0.172336 1.75669 2.38987 1.58859
 0 0 -4.23054 -2.3056 -0.351249 1.16326 1.06611 2.11069 2.54733
 0 0 -2.97675 -3.02903 -1.01024 0.586861 1.789 1.66696 2.97319
 0 0 -2.78666 -0.84416 -1.24992 0.565286 1.68757 2.62787 0
 0 0 -3.63345 -1.364 0.738201 0.431031 1.49673 2.33148 0
 0 0 0 -2.29621 0.242692 1.4923 0.561222 0 0
 0 0 -2.66311 -2.35207 0.0757498 1.38729 2.30037 1.25177 0
 0 0 -1.71696 -2.054 -1.02267 0.285085 1.37732 1.88409 1.24715
 0 0 -3.21827 -0.505596 -0.303977 -0.165949 0.898736 1.50218 1.79287
 0 0 -1.71332 -1.14817 0.914187 0.576003 0.366079 0 1.00522
 0 0 -2.86539 -0.445171 0.231497 1.93766 1.1414 0 0
 0 0 -2.2801 -1.6596 0.353848 0.721231 1.91782 0.946797 0
 0 0 -2.31314 -1.13432 -0.87155 0.766318 1.03319 1.98773 0.531774
 0 0 -2.61475 -0.38746 0.0704376 0.00208169 0.941303 0.914315 1.07407
 0 0 -1.15486 -1.4099 0.480954 0.443155 0.133768 0.884915 0.621971
 0 0 0 -0.990696 -0.246402 1.02149 0.215603 0 0
 0 0 -2.6309 -1.46182 1.5563 1.10604 1.43038 0 0
 0 0 -2.53801 -1.01003 -0.786197 1.88518 1.37013 1.07894 0
 0 0 -1.77328 -1.97151 -0.413865 -0.245359 2.23255 1.24449 0.926981
 0 0 -2.78914 0.16998 0.0460373 0.574454 0.473301 1.52537 0
 0 0 -2.77318 -1.43001 1.11874 0.56705 0.737084 0.712737 1.06758
 0 0 -2.03733 -1.04262 0.304984 1.70707 0.661005 0.406886 0
 0 0 -2.33787 -1.18488 -0.247834 0.809254 1.9524 0.698287 0.310637
 0 1.01681 -2.70428 -0.312399 0.462714 0.224257 0.896023 0.416865 0
 0 0 -1.85126 -1.07989 0.658097 1.03493 0.710533 0.527594 0
 0 0 0 -1.73827 -0.246725 0.895378 1.06942 0.305039 -0.284846
 0 0 -0.575747 -1.83881 -0.235565 0.643704 1.20666 1.0433 -0.243541
 0 0 -2.20041 0.440051 -0.445506 0.486976 0.880236 1.05692 -0.218265
 0 0 0 0 0 0 0 0 0
Neff
1	6.53781
1	3.17444
1	0.351851
1	2.58658
1	0.32783
1	1.75193
1	0.841313
1	0.410971
1	2.92237
1	0.775987
1	7.05763
1	0.515753
1	0.623907
1	4.43428
1	0.707508
1	0.725762
1	3.60417
1	2.44739
1	1.91873
1	7.81451
1	1.48165
1	0.998047
1	4.20048
1	4.02295
1	4.27696
1	11.9757
1	6.53907
1	8.46981
1	2.91646
1	16.2682
1	4.40442
1	0.408818
1	1.36831
1	4.22264
1	3.11472
1	1.62506
1	2.6402
1	1.39692
1	1.20602
1	3.24612
1	2.29477
1	1.95881
1	3.36186
1	8.23177
1	6.06912
1	2.59865
1	4.35733
1	18.4291
1	7.00081
1	3.87639
1	5.63601
1	49.1988
1	6.20963
1	2.11519
1	2.29472
1	3.45089
1	12.8647
1	10.806
1	6.54998
1	7.51803
1	16.2246
1	27.4241
1	7.22909
1	3.16482
1	4.66115
1	9.68441
1	12.8347
1	10.5163
1	7.72238
1	33.8869
1	86.4398
1	13.3225
1	18.3271
1	9.81219
1	6.81446
1	11.1749
1	6.84753
1	2.02529
1	5.69907
1	5.81426
1	2.23868
1	2.08976
1	0.581601
1	0.79111
1	4.28567
1	1.79427
1	4.69651
1	3.09482
1	1.1887
1	1.22
1	1.72485
1	1.39862
1	1.57062
1	2.28405
1	3.52283
1	1.77351
1	1.71759
1	1.86011
1	4.40801
1	3.95859
1	2.73481
1	2.64343
1	2.76382
1	3.86666
1	5.10862
1	5.23654
1	3.36806
1	1.58879
1	1.88549
1	2.40128
1	6.43061
1	2.43103
1	2.73669
1	3.04853
1	6.77836
1	4.28322
1	3.72943
1	6.7452
1	5.98283
nscaler
 3.7124 10.2204 3.17862
dWt_bar
 0.04118 0.06558 0.08104 0.09746 0.11146 0.11896 0.12284 0.1367 0.12848
d3_wt_mat
 0.00956504 0.06633 0.094 0.1128 0.1229 0.1316 0.142 0.138 0.132
 0.0116629 0.07542 0.1158 0.1308 0.1496 0.1657 0.1672 0.2215 0.132
 0.00968991 0.07227 0.1108 0.1307 0.1433 0.1572 0.1546 0.1798 0.132
 0.0101145 0.06516 0.1057 0.1308 0.1453 0.1617 0.1826 0.193 0.132
 0.0114381 0.07272 0.1013 0.1215 0.1429 0.1592 0.154 0.1831 0.132
 0.0093153 0.06876 0.0944 0.1136 0.1405 0.1518 0.17 0.199 0.132
 0.00716754 0.06723 0.1038 0.1175 0.1355 0.1573 0.1658 0.1675 0.132
 0.00859106 0.06696 0.1115 0.1319 0.1404 0.1625 0.1654 0.1845 0.132
 0.0108887 0.07722 0.104 0.1201 0.1461 0.151 0.1644 0.1508 0.132
 0.00944017 0.06111 0.1062 0.1223 0.1485 0.1602 0.182 0.1764 0.132
 0.00986473 0.06696 0.1085 0.1308 0.1454 0.1604 0.1607 0.193 0.132
 0.0111884 0.07389 0.1105 0.1406 0.1683 0.1763 0.1962 0.1999 0.2646
 0.00983976 0.06048 0.1059 0.1299 0.1554 0.1663 0.1886 0.225 0.2245
 0.0110385 0.06498 0.0928 0.1224 0.1333 0.1562 0.152 0.156 0.148
 0.0132612 0.08829 0.1155 0.1436 0.157 0.1688 0.1866 0.1946 0.2161
 0.0110385 0.09873 0.1431 0.1551 0.1699 0.1748 0.1887 0.1959 0.1831
 0.0112633 0.07731 0.1135 0.1383 0.1568 0.1685 0.1824 0.1943 0.2073
 0.0112882 0.07794 0.1142 0.1379 0.1545 0.1669 0.1797 0.1932 0.1958
 0.0115879 0.08145 0.1158 0.1395 0.1543 0.167 0.1779 0.1868 0.1901
 0.0116878 0.08478 0.1204 0.1429 0.1585 0.1692 0.1831 0.1929 0.1985
 0.0113632 0.08406 0.1214 0.1427 0.1588 0.1693 0.1823 0.1926 0.195
 0.0114381 0.09036 0.137 0.1628 0.1991 0.2247 0.2331 0.249 0.259
 0.00814152 0.07434 0.1172 0.1641 0.1791 0.1976 0.2103 0.2158 0.2077
 0.0167326 0.07767 0.1212 0.1655 0.1845 0.1947 0.204 0.175 0.21
 0.00616858 0.05535 0.1132 0.1374 0.1645 0.167 0.1825 0.1786 0.1986
 0.0107638 0.07983 0.1325 0.1583 0.1734 0.2029 0.2106 0.227 0.2141
 0.013486 0.07758 0.1178 0.151 0.1688 0.1838 0.1955 0.1956 0.2228
 0.0138106 0.0837 0.123 0.1433 0.1659 0.1822 0.1959 0.2305 0.2405
 0.0141353 0.08694 0.1294 0.1483 0.1665 0.1845 0.1913 0.2143 0.2157
 0.0137107 0.07227 0.1155 0.146 0.169 0.1787 0.1877 0.2067 0.2214
 0.0118127 0.07479 0.1008 0.1327 0.1557 0.1696 0.1821 0.202 0.2148
 0.00956504 0.06966 0.1091 0.1167 0.1507 0.1716 0.1778 0.1849 0.207
 0.00881582 0.06984 0.1037 0.1218 0.1348 0.1536 0.1697 0.1914 0.1987
 0.0114131 0.06768 0.0897 0.1112 0.1237 0.1351 0.1568 0.1769 0.187
 0.00744225 0.07074 0.0975 0.1095 0.1219 0.1336 0.1489 0.1766 0.1756
 0.0138606 0.08271 0.1185 0.1369 0.1472 0.1578 0.1685 0.1795 0.204
 0.0137107 0.07515 0.107 0.1283 0.1418 0.1526 0.1596 0.1719 0.1746
 0.0126618 0.06678 0.0967 0.1165 0.1351 0.1515 0.1519 0.1642 0.1848
 0.0141103 0.06759 0.0964 0.1156 0.1361 0.1471 0.1659 0.1596 0.1947
 0.0125869 0.0801 0.1078 0.1222 0.1379 0.1524 0.1655 0.1763 0.1916
 0.0102393 0.06858 0.1056 0.1205 0.129 0.1413 0.1483 0.1601 0.1728
 0.0117378 0.06876 0.0935 0.1201 0.1334 0.1405 0.1486 0.1671 0.1783
 0.013436 0.06903 0.0964 0.1093 0.1264 0.1367 0.1417 0.1514 0.1556
 0.010614 0.06453 0.0935 0.1061 0.116 0.134 0.1375 0.1413 0.1569
 0.0119875 0.06669 0.092 0.1123 0.1207 0.1309 0.1487 0.1577 0.1623
 0.0130864 0.06507 0.0947 0.1111 0.129 0.1343 0.1429 0.1485 0.1717
 0.0141103 0.06093 0.0839 0.1039 0.119 0.1308 0.1377 0.1454 0.15
 0.0111884 0.0603 0.0799 0.0924 0.1018 0.1204 0.1303 0.1462 0.1523
 0.0144599 0.07119 0.0956 0.104 0.1155 0.1189 0.1363 0.139 0.1519
 0.0116129 0.06255 0.0852 0.1042 0.1099 0.1185 0.1303 0.1308 0.1453
 0.010589 0.06066 0.0917 0.1051 0.1245 0.1264 0.1368 0.1376 0.1535
 0.0115879 0.05949 0.0846 0.1047 0.1177 0.1285 0.1334 0.1476 0.1558
 0.0104391 0.06327 0.0861 0.11 0.1262 0.1402 0.1457 0.1521 0.1596
 0.012487 0.05841 0.0865 0.1003 0.1148 0.1312 0.1432 0.1524 0.1443
 0.00954007 0.05796 0.0709 0.1 0.1059 0.1194 0.1376 0.1392 0.1519
 0.0119625 0.05679 0.0796 0.0908 0.1097 0.1213 0.1309 0.1434 0.1197
 0.00996463 0.05229 0.0702 0.0902 0.1069 0.1104 0.1196 0.1274 0.144
 0.0110385 0.0522 0.0816 0.0947 0.1078 0.1175 0.1316 0.1323 0.1529
 0.00804163 0.06525 0.0823 0.1017 0.1134 0.1198 0.1292 0.1374 0.152
 0.0112133 0.05949 0.0869 0.0985 0.1121 0.118 0.1266 0.1068 0.1504
 0.0100395 0.06183 0.0817 0.1015 0.1111 0.1254 0.1377 0.1447 0.1413
 0.0135109 0.05436 0.0809 0.0906 0.1019 0.1126 0.1183 0.1365 0.125
 0.00894069 0.06714 0.0802 0.0984 0.1088 0.1237 0.1305 0.1386 0.153
 0.0109636 0.05949 0.0967 0.0952 0.1091 0.1164 0.1266 0.129 0.1362
