ObjectiveFunction
2676.85
FuncEvals
313
NumParams
7
MaxGrad
0.00150303
ExitCode
1
HangCode
0
Runtime
-7
HerringPRD2020.dat
HerringPRD2020.ctl
HerringPRD2020.pfc
objfun
2676.85
nlvec
 889.309
 89.2873 16.5206
 578.605 188.241 233.156
 0
 0
 0 0 0 0 0
 0 0 0 0 0
 0 0 0 0 0
ro
 1450.99
rbar
 291.791
rinit
 629.965
sbo
 147.05
kappa
 16
steepness
 0.8
m
 0.500644
rho
 0.413297
vartheta
 1.22062
varphi
 0.905127
tau
 0.693296
sig
 0.58189
age_tau2
 44.9977 2.40017 3.1716
narea
1
ngroup
1
nsex
1
syr
1951
nyr
2016
sage
2
nage
10
ngear
5
yr
 1951 1952 1953 1954 1955 1956 1957 1958 1959 1960 1961 1962 1963 1964 1965 1966 1967 1968 1969 1970 1971 1972 1973 1974 1975 1976 1977 1978 1979 1980 1981 1982 1983 1984 1985 1986 1987 1988 1989 1990 1991 1992 1993 1994 1995 1996 1997 1998 1999 2000 2001 2002 2003 2004 2005 2006 2007 2008 2009 2010 2011 2012 2013 2014 2015 2016
yrs
 1951 1952 1953 1954 1955 1956 1957 1958 1959 1960 1961 1962 1963 1964 1965 1966 1967 1968 1969 1970 1971 1972 1973 1974 1975 1976 1977 1978 1979 1980 1981 1982 1983 1984 1985 1986 1987 1988 1989 1990 1991 1992 1993 1994 1995 1996 1997 1998 1999 2000 2001 2002 2003 2004 2005 2006 2007 2008 2009 2010 2011 2012 2013 2014 2015 2016 2017
age
 2 3 4 5 6 7 8 9 10
la
 16.6619 20.603 23.0416 24.5506 25.4844 26.0621 26.4197 26.6409 26.7778
wa
 0.0297539 0.0577923 0.0819955 0.0999856 0.112365 0.120525 0.125771 0.129093 0.131179
ma
 0.24974 0.9 1 1 1 1 1 1 1
dCatchData
 1951 1 1 1 0 1 45.865
 1952 1 1 1 0 1 52.379
 1953 1 1 1 0 1 1.865
 1954 1 1 1 0 1 27.277
 1955 1 1 1 0 1 17.806
 1956 1 1 1 0 1 10.182
 1957 1 1 1 0 1 28.035
 1958 1 1 1 0 1 4.523
 1959 1 1 1 0 1 10.224
 1960 1 1 1 0 1 18.476
 1961 1 1 1 0 1 42.746
 1962 1 1 1 0 1 27.66
 1963 1 1 1 0 1 40.228
 1964 1 1 1 0 1 29.93
 1965 1 1 1 0 1 44.211
 1966 1 1 1 0 1 17.295
 1967 1 1 1 0 1 7.998
 1968 1 1 1 0 1 2.068
 1970 1 1 1 0 1 1.33
 1971 1 1 1 0 1 3.5
 1972 1 1 1 0 1 0.877
 1973 1 1 1 0 1 0.218
 1974 1 1 1 0 1 0.182
 1975 1 1 1 0 1 0.155
 1976 1 1 1 0 1 0.564
 1977 1 1 1 0 1 0.792
 1978 1 1 1 0 1 3.519
 1979 1 1 1 0 1 1.81
 1980 1 1 1 0 1 0.738
 1981 1 1 1 0 1 1.682
 1982 1 1 1 0 1 1.815
 1984 1 1 1 0 1 0.173
 1985 1 1 1 0 1 0.253
 1986 1 1 1 0 1 0.375
 1987 1 1 1 0 1 0.122
 1988 1 1 1 0 1 0.079
 1989 1 1 1 0 1 0.071
 1990 1 1 1 0 1 0.043
 1991 1 1 1 0 1 0.019
 1992 1 1 1 0 1 0.142
 1993 1 1 1 0 1 0.008
 1994 1 1 1 0 1 0.001
 2002 1 1 1 0 1 0.001
 2003 1 1 1 0 1 0.005
 2004 1 1 1 0 1 0.011
 2014 1 1 1 0 1 0.169
 2015 1 1 1 0 1 0.435
 2016 1 1 1 0 1 0.316
 2017 1 1 1 0 1 0.432
 1972 2 1 1 0 1 3.613
 1973 2 1 1 0 1 1.388
 1974 2 1 1 0 1 2.122
 1975 2 1 1 0 1 1.536
 1976 2 1 1 0 1 3.466
 1977 2 1 1 0 1 5.856
 1978 2 1 1 0 1 2.038
 1979 2 1 1 0 1 1.271
 1980 2 1 1 0 1 1.641
 1981 2 1 1 0 1 1.051
 1982 2 1 1 0 1 0.17
 1984 2 1 1 0 1 1.653
 1985 2 1 1 0 1 3.018
 1986 2 1 1 0 1 3.732
 1987 2 1 1 0 1 2.077
 1988 2 1 1 0 1 3.55
 1989 2 1 1 0 1 3.657
 1990 2 1 1 0 1 2.285
 1991 2 1 1 0 1 1.348
 1992 2 1 1 0 1 1.238
 1993 2 1 1 0 1 2.2
 1994 2 1 1 0 1 2.363
 1995 2 1 1 0 1 0.706
 1999 2 1 1 0 1 0.256
 2000 2 1 1 0 1 1.239
 2001 2 1 1 0 1 1.012
 2002 2 1 1 0 1 2.061
 2003 2 1 1 0 1 1.446
 2004 2 1 1 0 1 1.909
 2005 2 1 1 0 1 1.75
 2006 2 1 1 0 1 0.957
 2008 2 1 1 0 1 0.513
 2009 2 1 1 0 1 0.713
 2010 2 1 1 0 1 0.475
 2011 2 1 1 0 1 0.883
 2012 2 1 1 0 1 0.466
 2013 2 1 1 0 1 0.743
 2014 2 1 1 0 1 0.718
 2015 2 1 1 0 1 0.737
 2016 2 1 1 0 1 0.729
 2017 2 1 1 0 1 1.019
 1972 3 1 1 0 1 0.004
 1974 3 1 1 0 1 1.515
 1975 3 1 1 0 1 0.011
 1976 3 1 1 0 1 0.276
 1977 3 1 1 0 1 1.494
 1978 3 1 1 0 1 3.031
 1979 3 1 1 0 1 1.236
 1980 3 1 1 0 1 1.046
 1981 3 1 1 0 1 0.356
 1984 3 1 1 0 1 1.88
 1985 3 1 1 0 1 3.476
 1986 3 1 1 0 1 4.573
 1987 3 1 1 0 1 4.071
 1988 3 1 1 0 1 4.34
 1989 3 1 1 0 1 4.745
 1990 3 1 1 0 1 2.361
 1991 3 1 1 0 1 2.143
 1992 3 1 1 0 1 3.797
 1993 3 1 1 0 1 4.112
 1994 3 1 1 0 1 2.324
 1995 3 1 1 0 1 1.355
 1996 3 1 1 0 1 3.086
 1997 3 1 1 0 1 5.541
 1998 3 1 1 0 1 3.217
 1999 3 1 1 0 1 1.859
 2000 3 1 1 0 1 3.076
 2001 3 1 1 0 1 1.906
 2002 3 1 1 0 1 2.432
 2003 3 1 1 0 1 2.562
 2004 3 1 1 0 1 2.192
 2005 3 1 1 0 1 2.05
 2006 3 1 1 0 1 1.661
 2007 3 1 1 0 1 0.969
 2008 3 1 1 0 1 1.148
 2009 3 1 1 0 1 1.286
 2010 3 1 1 0 1 1.01
 2011 3 1 1 0 1 1.264
 2012 3 1 1 0 1 0.917
 2013 3 1 1 0 1 1.284
 2014 3 1 1 0 1 1.116
 2015 3 1 1 0 1 0.991
 2016 3 1 1 0 1 1.38
 2017 3 1 1 0 1 1.398
 2018 3 1 1 0 1 0.417
ct
 52.7855 41.8608 2.2838 19.3471 12.6811 8.80719 14.0968 5.79412 10.0465 11.6659 14.4333 11.1747 11.5224 11.4729 18.0265 16.0003 11.5409 2.95459 1.85699 32.5929 1.21275 0.281609 0.232985 0.197737 0.738155 1.04676 8.31637 3.08169 1.00455 2.39427 2.50522 0.21923 0.320364 0.472527 0.15265 0.0985415 0.0887083 0.0538468 0.0238129 0.176849 0.0100301 0.00125423 0.00125428 0.00627038 0.01379 0.211605 0.542184 0.393847 0 10.8287 2.18859 3.66897 2.35751 6.22067 18.7081 3.28241 1.93057 2.52877 1.42108 0.214991 2.3097 4.29939 4.90939 2.50221 3.62903 3.86789 2.644 1.60249 1.46403 2.47577 2.59805 0.845832 0.318079 1.49198 1.23615 2.45348 1.72355 2.19723 2.0013 1.14361 0.630879 0.873638 0.587098 1.08084 0.578122 0.921493 0.893921 0.914613 0.901171 0 0.0050155 2.2205 0.013811 0.352519 1.99375 3.30957 1.66569 1.48248 0.457806 2.66533 4.91171 5.61177 4.44871 4.04263 4.41354 2.61843 2.44889 4.03308 4.18082 2.51906 1.55482 3.26474 5.2922 3.4306 2.17035 3.48369 2.28182 2.89201 2.98305 2.5025 2.30643 1.92164 1.16193 1.38258 1.54892 1.23097 1.53737 1.12693 1.58154 1.38617 1.22917 1.69101 0 0
eta
 -0.140534 0.224156 -0.202579 0.343503 0.33942 0.145052 0.687508 -0.247669 0.0175125 0.459803 1.08574 0.906336 1.25027 0.958873 0.897131 0.0778113 -0.366702 -0.356779 -0.333778 -2.23133 -0.32414 -0.256026 -0.246966 -0.243514 -0.2691 -0.278895 -0.860049 -0.532152 -0.308355 -0.353097 -0.32229 -0.23683 -0.23607 -0.231168 -0.224124 -0.22103 -0.222674 -0.224942 -0.225787 -0.219471 -0.226145 -0.226523 -0.22656 -0.226399 -0.226045 -0.224824 -0.220259 -0.22022 0 -1.09766 -0.455395 -0.547553 -0.428424 -0.584876 -1.16149 -0.476608 -0.418012 -0.432426 -0.301673 -0.234798 -0.334526 -0.353879 -0.274205 -0.186252 -0.022017 -0.0560659 -0.145928 -0.172939 -0.167695 -0.118094 -0.0948279 -0.180705 -0.217121 -0.185798 -0.200073 -0.174316 -0.175586 -0.140617 -0.134179 -0.178141 -0.206838 -0.203184 -0.211877 -0.202171 -0.2156 -0.215299 -0.219148 -0.215914 -0.212022 0 -0.226237 -0.382318 -0.227573 -0.244702 -0.288562 -0.0879263 -0.298359 -0.348745 -0.251515 -0.349056 -0.34574 -0.204697 -0.0887261 0.0709797 0.072414 -0.103492 -0.133427 -0.0603188 -0.0165969 -0.0805945 -0.137555 -0.0563038 0.0459402 -0.0642863 -0.154848 -0.124463 -0.179966 -0.173238 -0.152157 -0.132477 -0.117859 -0.145761 -0.181572 -0.18593 -0.186019 -0.197852 -0.195791 -0.206143 -0.20842 -0.216795 -0.215379 -0.203242 0 0
q
 2.25739 1.25683
qt
 0 0 0 0 0 0 0 0 0 0 0 0 0 0 0 0 0 0 0 0 0 0 0 0 0 0 0 0 0 0 0 0 0 0 0 0 0
 0 0 0 0 0 0 0 0 0 0 0 0 0 0 0 0 0 0 0 0 0 0 0 0 0 0 0 0 0 0 0 0 0
d3_survey_data
 1951 27.149 4 1 1 0 1 1
 1952 24.047 4 1 1 0 1 1
 1953 28.468 4 1 1 0 1 1
 1954 13.535 4 1 1 0 1 1
 1955 14.482 4 1 1 0 1 1
 1956 14.533 4 1 1 0 1 1
 1957 27.518 4 1 1 0 1 1
 1958 9.882 4 1 1 0 1 1
 1959 40.961 4 1 1 0 1 1
 1960 16.545 4 1 1 0 1 1
 1961 12.059 4 1 1 0 1 1
 1962 26.329 4 1 1 0 1 1
 1963 16.981 4 1 1 0 1 1
 1964 26.919 4 1 1 0 1 1
 1965 6.055 4 1 1 0 1 1
 1966 7.105 4 1 1 0 1 1
 1967 3.386 4 1 1 0 1 1
 1968 5.197 4 1 1 0 1 1
 1969 0.965 4 1 1 0 1 1
 1970 8.814 4 1 1 0 1 1
 1971 8.48 4 1 1 0 1 1
 1972 8.774 4 1 1 0 1 1
 1973 10.959 4 1 1 0 1 1
 1974 9.244 4 1 1 0 1 1
 1975 10.565 4 1 1 0 1 1
 1976 15.199 4 1 1 0 1 1
 1977 10.425 4 1 1 0 1 1
 1978 4.734 4 1 1 0 1 1
 1979 7.6 4 1 1 0 1 1
 1980 11.001 4 1 1 0 1 1
 1981 12.939 4 1 1 0 1 1
 1982 16.108 4 1 1 0 1 1
 1983 23.575 4 1 1 0 1 1
 1984 25.702 4 1 1 0 1 1
 1985 30.675 4 1 1 0 1 1
 1986 25.58 4 1 1 0 1 1
 1987 38.673 4 1 1 0 1 1
 1988 33.957 5 1 1 0 1.1666 1
 1989 14.876 5 1 1 0 1.1666 1
 1990 21.177 5 1 1 0 1.1666 1
 1991 24.305 5 1 1 0 1.1666 1
 1992 38.585 5 1 1 0 1.1666 1
 1993 23.251 5 1 1 0 1.1666 1
 1994 14.683 5 1 1 0 1.1666 1
 1995 16.879 5 1 1 0 1.1666 1
 1996 22.664 5 1 1 0 1.1666 1
 1997 23.607 5 1 1 0 1.1666 1
 1998 17.997 5 1 1 0 1.1666 1
 1999 27.742 5 1 1 0 1.1666 1
 2000 17.943 5 1 1 0 1.1666 1
 2001 35.07 5 1 1 0 1.1666 1
 2002 20.503 5 1 1 0 1.1666 1
 2003 34.63 5 1 1 0 1.1666 1
 2004 31.104 5 1 1 0 1.1666 1
 2005 28.172 5 1 1 0 1.1666 1
 2006 10.255 5 1 1 0 1.1666 1
 2007 15.7 5 1 1 0 1.1666 1
 2008 12.728 5 1 1 0 1.1666 1
 2009 11.961 5 1 1 0 1.1666 1
 2010 28.607 5 1 1 0 1.1666 1
 2011 21.097 5 1 1 0 1.1666 1
 2012 22.716 5 1 1 0 1.1666 1
 2013 25.755 5 1 1 0 1.1666 1
 2014 17.125 5 1 1 0 1.1666 1
 2015 17.407 5 1 1 0 1.1666 1
 2016 18.985 5 1 1 0 1.1666 1
 2017 19.235 5 1 1 0 1.1666 1
 2018 14.155 5 1 1 0 1.1666 1
 2019 27.19 5 1 1 0 1.1666 1
 2020 25.845 5 1 1 0 1.1666 1
it_hat
 43.2121 3.51232 13.6157 3.37017 3.79353 5.23871 2.23497 7.64963 11.4541 6.97673 3.80007 5.36057 3.65052 3.94839 3.69007 3.07164 3.74771 15.6175 34.1551 47.0586 9.08332 11.831 22.4179 33.6338 33.0432 44.1904 20.0888 15.2854 24.5733 29.4243 34.5185 39.8043 48.2151 42.8652 33.5732 35.3331 33.3108
 15.9201 15.1701 19.2998 19.9439 19.843 19.2409 18.3293 21.9305 23.5537 20.9043 19.9464 25.3376 21.3897 22.1718 20.2745 20.6218 19.7108 17.691 19.4121 19.9998 22.3759 24.2894 25.1332 24.9007 24.2717 25.3417 25.5694 24.7432 23.475 0 0 0 0
it_wt
 0.927179 0.927179 0.927179 0.927179 0.927179 0.927179 0.927179 0.927179 0.927179 0.927179 0.927179 0.927179 0.927179 0.927179 0.927179 0.927179 0.927179 0.927179 0.927179 0.927179 0.927179 0.927179 0.927179 0.927179 0.927179 0.927179 0.927179 0.927179 0.927179 0.927179 0.927179 0.927179 0.927179 0.927179 0.927179 0.927179 0.927179
 1.08165 1.08165 1.08165 1.08165 1.08165 1.08165 1.08165 1.08165 1.08165 1.08165 1.08165 1.08165 1.08165 1.08165 1.08165 1.08165 1.08165 1.08165 1.08165 1.08165 1.08165 1.08165 1.08165 1.08165 1.08165 1.08165 1.08165 1.08165 1.08165 1.08165 1.08165 1.08165 1.08165
epsilon
 -0.46478 1.92373 0.737558 1.39032 1.33961 1.02035 2.51061 0.256058 1.27427 0.863503 1.15479 1.5916 1.53722 1.91953 0.49524 0.838586 -0.101497 -1.10031 -3.56654 -1.67505 -0.0687295 -0.298932 -0.7157 -1.29156 -1.14027 -1.06728 -0.655954 -1.17212 -1.17351 -0.983836 -0.981248 -0.904659 -0.715485 -0.511491 -0.0902789 -0.323009 0.14926
 0.757515 -0.0195764 0.0928191 0.197758 0.665011 0.18931 -0.221809 -0.261809 -0.0385044 0.12159 -0.102844 0.0906573 -0.175709 0.458526 0.0112051 0.518369 0.456169 0.465275 -0.63813 -0.242064 -0.56418 -0.70839 0.129462 -0.165766 -0.0662411 0.0161779 -0.400858 -0.351679 -0.212287 0 0 0 0
n_A_sage
 2 2 2
n_A_nage
 10 10 10
d3_A
 1951 1 1 1 0 203 852 2739 486 263 124 12 2 1
 1952 1 1 1 0 282 522 1994 2679 364 61 18 2 0
 1953 1 1 1 0 17 541 327 361 158 14 1 0 0
 1954 1 1 1 0 56 753 772 638 351 69 16 1 0
 1955 1 1 1 0 31 55 795 177 59 12 2 0 0
 1956 1 1 1 0 169 978 160 319 43 9 3 2 0
 1957 1 1 1 0 397 666 1767 817 658 78 19 2 0
 1958 1 1 1 0 388 302 78 106 17 20 0 0 0
 1959 1 1 1 0 54 1000 785 216 205 53 39 5 0
 1960 1 1 1 0 2067 263 1186 374 174 106 28 8 0
 1961 1 1 1 0 419 2508 313 774 187 69 25 5 0
 1962 1 1 1 0 53 535 789 119 171 55 17 8 5
 1963 1 1 1 0 1342 454 621 753 123 101 17 2 2
 1964 1 1 1 0 126 2208 344 372 301 24 20 4 1
 1965 1 1 1 0 201 457 1723 365 401 345 70 18 7
 1966 1 1 1 0 0 23 93 102 71 83 42 14 7
 1973 1 1 1 0 35 73 12 20 7 4 2 0 0
 1975 1 1 1 0 1 9 13 37 12 10 2 2 0
 1976 1 1 1 0 0 8 11 16 27 29 57 14 0
 1977 1 1 1 0 2 120 80 117 85 55 38 12 2
 1978 1 1 1 0 12 90 247 140 130 101 48 15 9
 1979 1 1 1 0 11 72 76 182 144 121 62 34 17
 1980 1 1 1 0 13 672 67 82 77 61 44 20 11
 1981 1 1 1 0 30 238 1623 294 302 260 123 64 33
 1982 1 1 1 0 7 144 280 520 130 78 44 22 7
 1984 1 1 1 0 9 168 76 75 50 97 15 1 2
 1985 1 1 1 0 97 52 163 178 74 34 26 5 2
 2014 1 1 1 0 4 11 41 45 40 23 5 5 2
 2015 1 1 1 0 98 373 32 18 17 15 4 3 0
 2016 1 1 1 0 6 80 158 10 23 30 22 11 5
 2017 1 1 1 0 7 57 79 237 28 14 18 16 8
 1972 2 1 1 0 0 38 128 460 42 27 17 1 1
 1973 2 1 1 0 2 263 35 242 212 27 10 6 0
 1974 2 1 1 0 1 113 336 47 104 28 2 1 0
 1975 2 1 1 0 172 366 690 1329 345 299 77 18 5
 1976 2 1 1 0 0 6 49 226 357 52 17 6 0
 1977 2 1 1 0 1 210 49 297 495 197 43 12 6
 1978 2 1 1 0 9 93 261 76 168 162 19 5 2
 1979 2 1 1 0 27 182 123 319 123 189 65 15 8
 1980 2 1 1 0 18 2262 208 147 113 100 37 11 3
 1981 2 1 1 0 15 370 2710 110 56 49 13 5 2
 1982 2 1 1 0 100 296 115 1025 44 21 6 3 0
 1983 2 1 1 0 437 1016 822 242 2256 171 52 27 10
 1984 2 1 1 0 17 1138 436 314 448 721 31 9 4
 1985 2 1 1 0 130 328 2237 516 263 429 327 8 6
 1986 2 1 1 0 99 778 534 2616 611 298 401 313 5
 1987 2 1 1 0 42 1904 490 327 1423 281 165 136 60
 1988 2 1 1 0 19 1306 1646 251 352 488 82 61 16
 1989 2 1 1 0 22 784 1307 1001 178 162 129 23 10
 1990 2 1 1 0 33 920 1143 1431 1040 203 168 109 21
 1991 2 1 1 0 113 1990 391 519 649 391 68 36 48
 1992 2 1 1 0 15 1699 1587 251 228 287 146 26 26
 1993 2 1 1 0 5 432 1783 1216 162 177 175 63 14
 1994 2 1 1 0 44 325 885 3246 1487 276 248 96 36
 1995 2 1 1 0 140 673 297 495 1898 692 107 56 35
 1996 2 1 1 0 29 1763 241 76 115 316 140 10 7
 1997 2 1 1 0 35 615 1447 216 68 133 128 50 6
 1998 2 1 1 0 4 702 465 768 94 30 23 27 3
 1999 2 1 1 0 17 95 706 350 425 76 18 15 18
 2000 2 1 1 0 77 1111 381 1132 498 646 89 20 18
 2001 2 1 1 0 79 1430 875 235 702 315 260 39 6
 2002 2 1 1 0 228 849 1526 846 186 430 167 82 13
 2003 2 1 1 0 11 2253 502 593 312 90 131 47 22
 2004 2 1 1 0 23 50 1700 273 238 98 19 28 3
 2005 2 1 1 0 21 856 268 1297 279 166 59 13 13
 2006 2 1 1 0 29 327 887 176 460 78 32 9 3
 2007 2 1 1 0 27 355 161 78 22 72 9 7 1
 2008 2 1 1 0 69 578 2062 448 310 65 135 29 10
 2009 2 1 1 0 11 847 703 1723 286 197 45 59 3
 2010 2 1 1 0 41 1095 888 377 676 108 54 10 13
 2011 2 1 1 0 17 1230 1058 527 208 294 49 19 6
 2012 2 1 1 0 97 301 1452 717 312 164 123 13 4
 2013 2 1 1 0 20 1167 490 609 328 89 62 25 1
 2014 2 1 1 0 9 110 663 186 230 102 41 15 4
 2015 2 1 1 0 41 1206 168 549 162 185 71 23 9
 2016 2 1 1 0 34 303 987 132 366 87 71 26 10
 2017 2 1 1 0 33 382 441 1035 154 274 66 43 11
 2018 2 1 1 0 77 665 212 255 305 46 28 14 10
 2019 2 1 1 0 18 689 326 90 106 63 10 6 0
 1974 3 1 1 0 0 1 41 22 36 3 1 0 0
 1975 3 1 1 0 0 0 15 28 4 0 0 0 0
 1976 3 1 1 0 0 0 9 33 13 2 0 0 0
 1977 3 1 1 0 0 3 6 56 152 41 19 4 0
 1978 3 1 1 0 0 0 31 9 49 50 10 2 0
 1979 3 1 1 0 3 3 21 108 41 58 21 5 1
 1980 3 1 1 0 0 17 43 154 110 104 45 17 3
 1981 3 1 1 0 0 2 166 66 98 63 24 8 0
 1984 3 1 1 0 0 5 10 65 108 290 17 6 4
 1985 3 1 1 0 0 2 90 82 87 120 164 2 3
 1986 3 1 1 0 0 5 55 686 242 111 99 73 3
 1987 3 1 1 0 0 10 53 122 973 283 155 105 60
 1988 3 1 1 0 0 3 46 51 153 318 83 36 20
 1989 3 1 1 0 0 0 22 145 65 112 104 16 12
 1990 3 1 1 0 0 0 34 116 231 56 63 33 11
 1991 3 1 1 0 0 0 39 171 288 287 61 40 30
 1992 3 1 1 0 0 3 112 80 195 225 164 34 43
 1993 3 1 1 0 0 0 62 302 71 138 99 61 12
 1994 3 1 1 0 0 0 24 160 434 110 101 54 16
 1995 3 1 1 0 0 1 10 144 295 334 35 16 13
 1996 3 1 1 0 0 4 21 29 132 167 135 16 7
 1997 3 1 1 0 0 1 123 73 88 128 130 70 18
 1998 3 1 1 0 0 7 33 466 222 107 122 76 49
 1999 3 1 1 0 0 0 78 119 357 97 33 14 23
 2000 3 1 1 0 0 1 17 187 166 342 76 9 13
 2001 3 1 1 0 0 3 58 97 337 215 266 55 9
 2002 3 1 1 0 0 1 62 178 103 241 139 135 20
 2003 3 1 1 0 0 3 40 323 226 92 107 46 33
 2004 3 1 1 0 0 1 244 151 412 172 55 53 29
 2005 3 1 1 0 0 0 6 350 136 195 44 10 13
 2006 3 1 1 0 0 0 14 36 303 77 69 7 0
 2007 3 1 1 0 1 11 40 208 108 630 150 65 15
 2008 3 1 1 0 0 1 126 102 224 108 519 77 40
 2009 3 1 1 0 0 1 20 406 187 144 53 92 11
 2010 3 1 1 0 0 0 19 72 492 145 78 31 30
 2011 3 1 1 0 0 2 49 138 282 601 108 45 19
 2012 3 1 1 0 0 0 35 110 150 225 370 54 28
 2013 3 1 1 0 1 47 18 209 242 100 102 54 9
 2014 3 1 1 0 0 1 55 120 363 277 105 72 19
 2015 3 1 1 0 0 18 10 150 209 342 213 52 30
 2016 3 1 1 0 0 2 234 65 172 216 198 88 26
 2017 3 1 1 0 0 2 40 557 119 158 122 76 23
 2018 3 1 1 0 0 11 26 129 412 58 42 32 13
A_hat
 0.0108282 0.294732 0.271984 0.166371 0.100861 0.0611362 0.0370571 0.0224618 0.0345681
 0.137822 0.389284 0.266962 0.0823421 0.0486908 0.0294998 0.0178809 0.0108383 0.0166799
 0.0821589 0.917372 0.000468564 1.56973e-007 3.66334e-008 2.15498e-008 1.30549e-008 7.91304e-009 1.2178e-008
 0.161285 0.617513 0.221153 4.87923e-005 1.59586e-008 3.72268e-009 2.18987e-009 1.32663e-009 2.04162e-009
 0.2399 0.75782 0.00227682 3.74545e-006 6.79056e-010 2.21289e-013 5.16167e-014 3.03635e-014 4.67024e-014
 0.131542 0.866064 0.00239396 3.2312e-008 4.36426e-011 7.88344e-015 2.56886e-018 5.99199e-019 8.94629e-019
 0.239803 0.708993 0.0511877 1.67489e-005 2.09824e-010 2.83007e-013 5.11201e-017 1.66578e-020 9.68671e-021
 0.104555 0.894653 0.000791615 6.2934e-008 1.60545e-011 2.00193e-016 2.69995e-019 4.87696e-023 2.51331e-026
 0.0690569 0.751727 0.179175 4.12849e-005 3.14152e-009 8.00752e-013 9.9849e-018 1.34664e-020 2.4337e-024
 0.0778397 0.707238 0.201758 0.0131615 2.90851e-006 2.21147e-010 5.63681e-014 7.02877e-019 9.48121e-022
 0.148116 0.738953 0.107055 0.00553536 0.000340766 7.52235e-008 5.71948e-012 1.45783e-015 1.82028e-020
 0.13751 0.847634 0.0148005 5.3266e-005 2.40915e-006 1.47941e-007 3.26563e-011 2.48296e-015 6.32888e-019
 0.171516 0.788516 0.0399133 5.46685e-005 1.79739e-007 8.11567e-009 4.98353e-010 1.10006e-013 8.36618e-018
 0.194807 0.795213 0.00997007 1.00685e-005 1.19651e-008 3.92349e-011 1.77147e-012 1.08779e-013 2.40136e-017
 0.327141 0.66738 0.00547762 9.87909e-007 8.55153e-010 1.01333e-012 3.32263e-015 1.50018e-016 9.21404e-018
 0.375712 0.624268 2.06919e-005 1.03593e-011 1.31009e-015 1.12655e-018 1.33477e-021 4.37659e-024 2.09741e-025
 0.0454415 0.689289 0.252862 0.0104573 0.00112408 0.00060601 0.000218894 3.43319e-007 4.56659e-014
 0.0250582 0.405231 0.40208 0.146302 0.0203573 0.0008182 8.79036e-005 4.73897e-005 1.71443e-005
 0.0229423 0.359705 0.365876 0.178517 0.0636801 0.00885747 0.000355997 3.82466e-005 2.80786e-005
 0.033667 0.417406 0.312301 0.14199 0.0671936 0.023952 0.00333152 0.000133899 2.49466e-005
 0.0548957 0.650314 0.22593 0.0414385 0.0164821 0.00776731 0.00276854 0.00038508 1.83605e-005
 0.0456008 0.662242 0.274143 0.015506 0.00152276 0.000592048 0.000278889 9.94051e-005 1.44856e-005
 0.0328945 0.513759 0.396483 0.0541473 0.00234139 0.000227744 8.85309e-005 4.17031e-005 1.70304e-005
 0.0266697 0.422596 0.401608 0.132334 0.0159931 0.000688703 6.69843e-005 2.60387e-005 1.72747e-005
 0.0228859 0.37131 0.375904 0.169427 0.0536701 0.00647925 0.000279006 2.71366e-005 1.75471e-005
 0.0188429 0.308537 0.34041 0.185481 0.0917152 0.0405467 0.0128396 0.00155003 7.74363e-005
 0.0219537 0.347626 0.332244 0.15707 0.0788743 0.0388996 0.0171965 0.00544545 0.000690232
 0.017301 0.287777 0.323478 0.177284 0.0929285 0.0487588 0.0256309 0.0133907 0.0134518
 0.0174255 0.288708 0.322965 0.177006 0.0926096 0.0484779 0.0254353 0.0133705 0.0140025
 0.0177112 0.29354 0.322909 0.174306 0.0914661 0.0477954 0.0250187 0.0131267 0.0141268
 0 0 0 0 0 0 0 0 0
 0.0755406 0.775203 0.124865 0.0140601 0.00758685 0.00274046 4.2982e-006 5.71717e-013 9.52147e-022
 0.0454415 0.689289 0.252862 0.0104573 0.00112408 0.00060601 0.000218894 3.43319e-007 4.56659e-014
 0.030861 0.485267 0.414185 0.066501 0.00268604 0.000288602 0.000155589 5.61995e-005 8.81446e-008
 0.0250582 0.405231 0.40208 0.146302 0.0203573 0.0008182 8.79036e-005 4.73897e-005 1.71443e-005
 0.0229423 0.359705 0.365876 0.178517 0.0636801 0.00885747 0.000355997 3.82466e-005 2.80786e-005
 0.033667 0.417406 0.312301 0.14199 0.0671936 0.023952 0.00333152 0.000133899 2.49466e-005
 0.0548957 0.650314 0.22593 0.0414385 0.0164821 0.00776731 0.00276854 0.00038508 1.83605e-005
 0.0456008 0.662242 0.274143 0.015506 0.00152276 0.000592048 0.000278889 9.94051e-005 1.44856e-005
 0.0328945 0.513759 0.396483 0.0541473 0.00234139 0.000227744 8.85309e-005 4.17031e-005 1.70304e-005
 0.0266697 0.422596 0.401608 0.132334 0.0159931 0.000688703 6.69843e-005 2.60387e-005 1.72747e-005
 0.0228859 0.37131 0.375904 0.169427 0.0536701 0.00647925 0.000279006 2.71366e-005 1.75471e-005
 0.0195144 0.327926 0.361232 0.182075 0.0805227 0.0254986 0.00307826 0.000132555 2.1229e-005
 0.0188429 0.308537 0.34041 0.185481 0.0917152 0.0405467 0.0128396 0.00155003 7.74363e-005
 0.0219537 0.347626 0.332244 0.15707 0.0788743 0.0388996 0.0171965 0.00544545 0.000690232
 0.0261811 0.408577 0.348199 0.123448 0.0494372 0.0246839 0.0121724 0.00538109 0.00191997
 0.0273427 0.43836 0.370364 0.109385 0.0311299 0.0123705 0.00617564 0.0030454 0.00182664
 0.0276124 0.43401 0.381662 0.115693 0.0274435 0.00774985 0.00307921 0.00153721 0.00121273
 0.0293788 0.456584 0.368826 0.109502 0.026417 0.00621607 0.00175511 0.000697346 0.000622777
 0.0276085 0.443043 0.389658 0.107672 0.0242046 0.00578118 0.00136009 0.000384021 0.000288845
 0.0243256 0.39856 0.391919 0.141356 0.0338294 0.00756734 0.00180727 0.00042518 0.000210345
 0.0231737 0.379817 0.376488 0.155006 0.0500505 0.011934 0.00266935 0.000637507 0.000224179
 0.0237377 0.384178 0.372554 0.146486 0.0514282 0.0165146 0.00393732 0.000880683 0.000284291
 0.023735 0.383103 0.375494 0.145688 0.048128 0.0167942 0.00539233 0.00128561 0.000380386
 0.0218059 0.361793 0.374359 0.159622 0.0552358 0.0181768 0.00634233 0.00203641 0.000629162
 0.020134 0.338087 0.364948 0.172609 0.068782 0.023751 0.00781559 0.00272705 0.00114613
 0.0204128 0.342381 0.359335 0.165246 0.0703176 0.0279221 0.00964109 0.00317253 0.00157221
 0.0204916 0.344095 0.371531 0.160134 0.0618516 0.0261593 0.0103863 0.00358622 0.00176492
 0.0194638 0.326227 0.367424 0.176771 0.066939 0.0257403 0.0108856 0.004322 0.00222675
 0.0196318 0.323892 0.348322 0.178761 0.0798022 0.030147 0.011592 0.00490227 0.0029492
 0.0198605 0.328709 0.351771 0.167466 0.0768095 0.0341593 0.0129035 0.0049616 0.00336057
 0.0203808 0.331804 0.347171 0.168234 0.0740798 0.0338923 0.0150721 0.00569341 0.00367199
 0.0210648 0.345567 0.350322 0.158833 0.0696105 0.0305503 0.0139762 0.0062153 0.00386202
 0.0212718 0.34659 0.357409 0.159064 0.0650054 0.028391 0.0124593 0.00569988 0.00410981
 0.0215573 0.350958 0.35552 0.160284 0.0647493 0.026377 0.0115194 0.00505524 0.0039802
 0.0210274 0.347092 0.359871 0.160759 0.0656552 0.0264357 0.0107685 0.00470282 0.00368874
 0.0193361 0.325022 0.360674 0.173915 0.0716203 0.0291729 0.0117457 0.00478457 0.00372848
 0.018098 0.302352 0.346492 0.187581 0.0858304 0.0352899 0.0143741 0.00578736 0.00419455
 0.0177486 0.29578 0.333177 0.184751 0.0949899 0.0433966 0.0178423 0.00726745 0.00504679
 0.017424 0.291306 0.329641 0.180283 0.0949042 0.0487185 0.0222566 0.00915071 0.00631555
 0.017327 0.288248 0.32548 0.180072 0.0942199 0.0495354 0.0254281 0.0116166 0.00807244
 0.0172269 0.287904 0.324728 0.178161 0.0937724 0.0489919 0.0257564 0.0132216 0.0102375
 0.0171831 0.286355 0.323452 0.178385 0.0937401 0.0492776 0.0257448 0.0135347 0.0123275
 0.017301 0.287777 0.323478 0.177284 0.0929285 0.0487588 0.0256309 0.0133907 0.0134518
 0.0174255 0.288708 0.322965 0.177006 0.0926096 0.0484779 0.0254353 0.0133705 0.0140025
 0.0177112 0.29354 0.322909 0.174306 0.0914661 0.0477954 0.0250187 0.0131267 0.0141268
 0 0 0 0 0 0 0 0 0
 0 0 0 0 0 0 0 0 0
 0 0 0 0 0 0 0 0 0
 0.00193457 0.0586903 0.709027 0.219638 0.00902787 0.000970315 0.000523111 0.000188951 2.96355e-007
 0.00121413 0.0378817 0.532013 0.373483 0.0528852 0.00212625 0.000228436 0.000123152 4.45529e-005
 0.000954898 0.0288853 0.41586 0.391475 0.142109 0.0197728 0.000794706 8.53796e-005 6.2681e-005
 0.0015357 0.0367342 0.389017 0.341242 0.164334 0.0585978 0.00815051 0.000327583 6.10314e-005
 0.00493088 0.112699 0.554185 0.196108 0.0793772 0.0374193 0.0133376 0.00185515 8.84528e-005
 0.00467168 0.130897 0.76696 0.083696 0.00836434 0.0032531 0.00153241 0.000546199 7.95938e-005
 0.00221513 0.0667494 0.729114 0.192114 0.00845374 0.000822552 0.000319752 0.000150621 6.15096e-005
 0.00135504 0.0414257 0.557224 0.35425 0.0435678 0.00187674 0.000182536 7.09569e-005 4.70744e-005
 0.000683936 0.0216066 0.337415 0.354709 0.178487 0.0789337 0.0249954 0.00301752 0.000150749
 0.000857301 0.0261908 0.354304 0.323165 0.165143 0.0814723 0.0360169 0.0114052 0.00144565
 0.00119842 0.0360834 0.435255 0.297723 0.121332 0.0606002 0.0298841 0.0132109 0.00471365
 0.00138969 0.0429852 0.514044 0.292914 0.0848308 0.0337211 0.0168345 0.00830163 0.00497934
 0.00141004 0.0427599 0.532229 0.311272 0.0751388 0.0212255 0.00843347 0.00421019 0.00332147
 0.00157389 0.0471923 0.53958 0.309078 0.0758791 0.0178605 0.00504296 0.00200369 0.00178943
 0.00145976 0.0451955 0.56262 0.299948 0.0686174 0.0163943 0.00385698 0.00108902 0.000819114
 0.00114236 0.0361113 0.502607 0.349748 0.0851786 0.0190599 0.00455199 0.00107091 0.000529801
 0.00102011 0.0322578 0.452579 0.359502 0.118129 0.0281757 0.00630226 0.00150513 0.00052928
 0.00105158 0.0328356 0.450697 0.341902 0.122152 0.0392381 0.00935501 0.00209249 0.00067547
 0.00105243 0.032774 0.454674 0.340355 0.114419 0.0399395 0.0128239 0.00305741 0.000904626
 0.000917276 0.0293627 0.430038 0.353771 0.124579 0.0410092 0.0143092 0.00459443 0.00141948
 0.000795136 0.0257603 0.393583 0.359154 0.145641 0.0503074 0.0165544 0.00577625 0.00242765
 0.000808766 0.0261723 0.388788 0.344949 0.149377 0.0593345 0.0204875 0.00674168 0.00334098
 0.000825258 0.0267363 0.408604 0.339782 0.133556 0.0565037 0.0224344 0.00774625 0.00381222
 0.000751476 0.0243007 0.38739 0.359586 0.138568 0.0533014 0.0225413 0.00894979 0.00461105
 0.000740447 0.0235692 0.358764 0.355231 0.161379 0.0609841 0.0234495 0.00991681 0.00596594
 0.000758834 0.0242314 0.367038 0.337123 0.157351 0.0700011 0.0264427 0.0101676 0.00688671
 0.000780716 0.0245225 0.363168 0.33954 0.152149 0.0696322 0.0309661 0.0116973 0.00754421
 0.000833137 0.0263695 0.378372 0.33098 0.147615 0.0648055 0.0296475 0.0131844 0.00819245
 0.000849741 0.0267122 0.38989 0.33478 0.139229 0.0608277 0.0266942 0.0122121 0.00880533
 0.000867812 0.0272582 0.390831 0.339959 0.139754 0.0569501 0.0248715 0.0109148 0.00859365
 0.000842654 0.0268361 0.393827 0.339425 0.141069 0.056819 0.0231451 0.010108 0.00792837
 0.000739428 0.0239801 0.376648 0.350403 0.146846 0.0598336 0.0240906 0.0098132 0.00764715
 0.000652235 0.0210232 0.341006 0.356178 0.165849 0.0682123 0.0277841 0.0111866 0.00810777
 0.000623658 0.0200522 0.319707 0.342037 0.178961 0.0817855 0.033626 0.0136964 0.00951128
 0.000604903 0.0195119 0.312517 0.32976 0.176653 0.0907133 0.0414418 0.0170386 0.0117595
 0.00059589 0.0191258 0.305676 0.326281 0.173733 0.0913685 0.0469026 0.021427 0.0148898
 0.000591539 0.0190737 0.304501 0.322323 0.172643 0.0902275 0.0474353 0.02435 0.0188543
 0.000587697 0.0188959 0.302103 0.321451 0.1719 0.0903941 0.0472261 0.0248281 0.0226135
 0.000593339 0.0190414 0.30295 0.320336 0.170875 0.0896858 0.0471452 0.0246307 0.0247431
 0.00059845 0.0191298 0.302894 0.320284 0.170528 0.0892945 0.0468511 0.0246281 0.0257923
 0.000613758 0.0196258 0.305579 0.318249 0.169945 0.0888331 0.0465002 0.0243976 0.0262563
 0 0 0 0 0 0 0 0 0
 0 0 0 0 0 0 0 0 0
A_nu
 1.56069 -0.308844 0.93924 -0.298377 -0.411955 -1.48075 0 0 0
 -0.840762 -1.26334 0.45409 1.92561 -0.275596 0 0 0 0
 0 -9.34987 -2.2189 5.88137 5.68739 0 0 0 0
 -8.19406 -6.93787 -5.8861 2.34229 9.77006 8.90568 0 0 0
 -8.13465 -8.71153 -0.232855 4.67495 12.4041 0 0 0 0
 -8.08337 -8.21239 -4.13172 7.77132 12.6562 0 0 0 0
 -6.85252 -7.41919 -3.8151 3.43843 14.6484 0 0 0 0
 -6.83085 -9.22815 -3.55175 6.19472 0 13.416 0 0 0
 -9.17816 -8.64683 -7.45489 -0.369676 9.0616 16.588 0 0 0
 -3.1687 -7.43711 -4.67663 -3.10094 4.55127 13.8321 0 0 0
 -1.96162 -1.77949 -1.92864 1.93892 3.73083 0 0 0 0
 -6.73763 -6.24441 -1.80812 1.92735 5.38592 7.4769 0 0 0
 -5.2232 -7.8325 -4.53582 2.25009 6.15575 9.18568 0 0 0
 -6.80209 -5.34513 -2.82531 4.15088 10.8217 0 0 0 0
 -11.2312 -11.1228 -4.99294 2.07573 9.22186 16.0493 0 0 0
 0 -31.3268 -19.144 -4.54421 4.06904 11.2839 17.3409 22.3212 0
 -0.0789084 -2.06303 -2.86577 0.830598 2.01111 2.166 0 0 0
 0 -3.75684 -3.42667 -1.36972 -0.523496 2.50827 3.1297 3.43875 0
 0 -4.00652 -3.64325 -2.55095 -0.996886 1.04718 4.93703 5.21339 0
 0 -2.0385 -2.09284 -0.924474 -0.495821 0.100387 1.70326 3.74798 0
 0 -3.12116 -1.09848 0.0297923 0.877622 1.37756 1.93467 0 0
 0 -5.54495 -4.68448 -0.938785 1.14772 1.91839 2.00251 2.43335 3.66625
 0 -2.13759 -4.14113 -1.94818 1.12987 3.22721 3.86982 0 0
 0 -4.19942 -2.28624 -2.88454 -0.744527 2.25083 3.83269 4.03121 0
 0 -2.40265 -1.73763 -0.321677 -0.558407 1.04502 3.97534 0 0
 0 -0.192343 -1.07679 -0.482837 -0.184037 1.29488 0.641126 0 0
 1.60762 -1.77804 -0.59028 0.246931 0.0580493 -0.0127853 0.468515 0 0
 0.127804 -1.67202 -0.473286 0.221185 0.749322 0.840882 -0.0420882 0.248197 0
 2.69978 1.22892 -1.33906 -1.31306 -0.722427 -0.554156 0 0 0
 0 -0.233875 0.337601 -1.80585 -0.328098 0.586644 0.923797 0.519783 0
 0 0 0 0 0 0 0 0 0
 0 -5.24138 -2.10806 1.35503 -0.4216 0.154858 6.26114 0 0
 0 -2.88723 -3.84495 1.27418 3.37217 2.08582 0 0 0
 0 -2.65337 -1.35242 -1.49028 2.51311 2.98296 0 0 0
 -0.90062 -2.92874 -2.28687 -0.620404 0.0031932 3.07418 3.65926 0 0
 0 0 -3.63405 -0.787431 0.700582 0.7467 2.9742 0 0
 0 -1.60828 -2.70066 -0.110531 1.14847 1.25864 2.01236 0 0
 0 -2.98026 -0.90244 -0.44021 1.27496 1.99094 1.05701 0 0
 -2.8064 -3.57394 -3.08378 0.741651 2.10934 3.4836 3.12953 0 0
 0 -0.903179 -2.97639 -1.33257 1.54535 3.66679 0 0 0
 0 -0.89092 1.17268 -0.281758 0 0 0 0 0
 1.06156 -0.639771 -1.59749 1.38693 -0.211226 0 0 0 0
 1.29513 -0.682806 -0.991428 -1.52913 1.51916 0.389069 0 0 0
 0 0.0101225 -1.00312 -0.724173 0.335493 1.38168 0 0 0
 0.192351 -1.64436 0.320772 -0.396834 -0.38195 0.814223 1.0958 0 0
 0 -1.64929 -1.92339 0.702569 0.163382 0.139933 1.14378 1.42302 0
 0 -0.960061 -2.11013 -1.29496 1.43231 0.732998 0.895287 1.30456 0
 0 -0.886744 -0.479595 -1.16666 0.610337 1.92266 0 0 0
 0 -1.68011 -0.920898 0.0267457 -0.278287 1.0744 1.77815 0 0
 0 -2.4042 -2.03355 -0.522658 0.650739 0.448902 1.70672 2.15405 0
 -0.36244 -0.290265 -1.90065 -0.597671 1.05581 2.09521 0 0 0
 0 -0.56757 -0.576528 -1.53325 -0.498929 1.16485 2.01143 0 0
 0 -1.79279 -0.295995 0.25473 -0.714257 0.510241 2.03807 0 0
 0 -2.44419 -1.48922 0.75714 1.08408 0.452795 1.63939 0 0
 -0.0901044 -1.32889 -2.18105 -0.817814 1.58738 1.68988 1.1406 0 0
 0 0.597537 -1.42736 -1.8327 -0.498411 1.57572 1.58522 0 0
 0 -0.470211 0.339646 -0.785502 -1.08686 0.507584 1.49534 0 0
 0 -0.0859525 -0.5224 0.820975 -0.212622 0 0 0 0
 0 -1.75432 0.025825 0.0558024 1.22103 0.451661 0 0 0
 0 -0.417325 -1.56842 0.187596 0.172954 1.40662 0.21858 0 0
 -0.219321 -0.12978 -0.688794 -1.26123 0.612566 0.621499 1.06506 0 0
 0.659973 -0.815264 -0.274189 -0.139616 -0.834173 0.785821 0.617448 0 0
 0 0.4545 -1.00628 -0.0486868 0.134058 -0.285594 0.752006 0 0
 0 -2.18771 0.989042 -0.0302951 0.727341 0.501618 0 0 0
 0 -0.30416 -1.44298 0.930472 0.3003 0.516369 0 0 0
 0 -0.811519 0.124055 -0.687465 1.16877 0.206163 0 0 0
 0.630301 0.384663 -0.510132 -0.505418 -0.883897 0.884483 0 0 0
 0 -0.503183 0.577769 -0.335219 0.0783967 0 0.182237 0 0
 0 -0.294776 -0.554808 0.931323 -0.199269 0.11753 0 0 0
 0 0.151661 -0.160174 -0.413422 0.812185 -0.39025 0 0 0
 0 0.244548 0.0170824 -0.0879054 -0.369845 0.19612 0 0 0
 0.568439 -1.11532 0.337909 0.232591 0.0423329 0.0484111 -0.114365 0 0
 0 0.466302 -0.482017 0.3305 0.355114 -0.306206 -0.363693 0 0
 0 -1.20854 0.450549 -0.219099 0.639153 0.470992 -0.133057 0 0
 0 0.662922 -1.39513 0.390361 -0.18235 0.597694 -0.0734936 0 0
 0 -0.523979 0.513836 -0.881475 0.783202 -0.00448471 0.112901 0 0
 0 0 0 0 0 0 0 0 0
 0 0 0 0 0 0 0 0 0
 0 0 0 0 0 0 0 0 0
 0 0 -2.16824 -1.56091 2.12323 1.60593 0 0 0
 0 0 -0.686656 0.362205 0.324451 0 0 0 0
 0 0 -1.12612 0.302891 0.38466 0.438567 0 0 0
 0 0 -2.83788 -0.784883 0.944336 0.66523 2.01319 0 0
 0 0 -1.75765 -1.7631 0.83595 1.60818 1.07662 0 0
 0 0 -4.25788 -0.493574 0.841081 2.13232 1.77805 0 0
 0 -3.17847 -4.60872 -1.99922 0.787783 3.06165 3.16878 2.7682 0
 0 0 -2.48072 -2.8881 -0.3971 2.30585 3.46007 0 0
 0 0 0 -1.83125 -0.1442 1.65946 0.315991 0 0
 0 0 -1.06068 -1.01019 -0.279648 0.748482 1.60204 0 0
 0 0 -2.51526 0.383226 0.238919 0.153742 0.746302 0.993071 0
 0 0 -3.4328 -2.12668 1.1889 0.8765 0.96917 1.28668 1.23822
 0 0 -3.23242 -2.57628 -0.0563417 1.9394 1.51919 1.37857 1.02788
 0 0 -3.94985 -1.42044 -0.818329 1.17233 2.36282 1.41403 1.23944
 0 0 -3.94423 -2.00834 0.155548 0.170092 1.73493 2.35291 1.5391
 0 0 -4.17617 -2.26397 -0.330209 1.16348 1.04689 2.07195 2.48803
 0 0 -2.92799 -2.9897 -0.985785 0.590632 1.77195 1.63047 2.91043
 0 0 -2.75054 -0.818483 -1.23698 0.563219 1.66482 2.57796 0
 0 0 -3.59891 -1.34044 0.747553 0.427493 1.47819 2.28611 0
 0 0 0 -2.27061 0.250072 1.48538 0.535159 0 0
 0 0 -2.63718 -2.33193 0.0861823 1.38437 2.28315 1.21541 0
 0 0 -1.68827 -2.03136 -1.00755 0.290421 1.3693 1.86177 1.20569
 0 0 -3.18971 -0.484688 -0.29241 -0.162046 0.892859 1.48296 1.75304
 0 0 -1.69185 -1.1323 0.919906 0.572283 0.354692 0 0.977266
 0 0 -2.85102 -0.434828 0.235065 1.93103 1.11975 0 0
 0 0 -2.26188 -1.64716 0.36018 0.720706 1.90709 0.921056 0
 0 0 -2.2918 -1.11852 -0.862845 0.768856 1.02887 1.9732 0.502237
 0 0 -2.59184 -0.372144 0.0781887 0.00266065 0.935713 0.901867 1.04556
 0 0 -1.12976 -1.39304 0.488054 0.442601 0.12604 0.871017 0.59509
 0 0 0 -0.971594 -0.241865 1.01619 0.19727 0 0
 0 0 -2.61131 -1.45026 1.55795 1.0974 1.40621 0 0
 0 0 -2.51574 -0.99365 -0.779356 1.88205 1.35671 1.04999 0
 0 0 -1.75118 -1.9523 -0.401272 -0.242332 2.2256 1.22725 0.894219
 0 0 -2.77568 0.181303 0.0538112 0.575583 0.464863 1.50012 0
 0 0 -2.75924 -1.41834 1.12765 0.572391 0.73578 0.701866 1.03989
 0 0 -2.02906 -1.03634 0.30855 1.70786 0.658222 0.390767 0
 0 0 -2.32852 -1.17768 -0.243196 0.811161 1.95153 0.693844 0.292858
 0 1.02343 -2.6986 -0.308712 0.463825 0.222792 0.891827 0.405437 0
 0 0 -1.84442 -1.07529 0.66006 1.0343 0.70732 0.518031 0
 0 0 0 -1.73003 -0.242381 0.897057 1.0685 0.301541 -0.294692
 0 0 -0.567 -1.83294 -0.23247 0.644029 1.20432 1.03836 -0.254301
 0 0 0 0 0 0 0 0 0
 0 0 0 0 0 0 0 0 0
Neff
1	6.52606
1	3.0918
1	0.35904
1	2.56609
1	0.345252
1	1.82634
1	0.852095
1	0.426871
1	2.65754
1	0.753183
1	6.94205
1	0.513986
1	0.631609
1	4.43273
1	0.718286
1	0.730739
1	3.63185
1	2.48053
1	1.9314
1	7.93249
1	1.46644
1	1.00927
1	4.14664
1	4.08776
1	4.34558
1	12.0649
1	6.62147
1	8.53098
1	2.91394
1	16.2672
1	0.405261
1	1.3817
1	4.29551
1	3.16271
1	1.63942
1	2.66454
1	1.38328
1	1.21983
1	3.19536
1	2.31221
1	1.9765
1	3.38771
1	8.27909
1	6.12277
1	2.63264
1	4.3953
1	18.8715
1	7.1898
1	3.95128
1	5.66685
1	48.598
1	6.32079
1	2.14285
1	2.31792
1	3.44918
1	12.8843
1	10.9335
1	6.62201
1	7.5907
1	16.3385
1	28.0176
1	7.2051
1	3.18239
1	4.71279
1	9.81705
1	12.8132
1	10.5179
1	7.75786
1	33.9825
1	85.5485
1	13.3694
1	18.3258
1	9.84436
1	6.81598
1	11.2056
1	2.06171
1	5.89804
1	5.9226
1	2.2652
1	2.09623
1	0.577361
1	0.809756
1	4.34798
1	1.80782
1	4.7444
1	3.15299
1	1.20864
1	1.23949
1	1.76011
1	1.42905
1	1.5988
1	2.31776
1	3.59879
1	1.80483
1	1.74419
1	1.8825
1	4.46666
1	4.03412
1	2.77254
1	2.67272
1	2.79595
1	3.91787
1	5.21128
1	5.33327
1	3.42888
1	1.60886
1	1.90702
1	2.42323
1	6.49042
1	2.44414
1	2.7508
1	3.06471
1	6.82999
1	4.31022
1	3.75261
1	6.78661
nscaler
 3.69347 10.321 3.15293
dWt_bar
 0.04118 0.06558 0.08104 0.09746 0.11146 0.11896 0.12284 0.1367 0.12848
d3_wt_mat
 0.00956504 0.06633 0.094 0.1128 0.1229 0.1316 0.142 0.138 0.132
 0.0116629 0.07542 0.1158 0.1308 0.1496 0.1657 0.1672 0.2215 0.132
 0.00968991 0.07227 0.1108 0.1307 0.1433 0.1572 0.1546 0.1798 0.132
 0.0101145 0.06516 0.1057 0.1308 0.1453 0.1617 0.1826 0.193 0.132
 0.0114381 0.07272 0.1013 0.1215 0.1429 0.1592 0.154 0.1831 0.132
 0.0093153 0.06876 0.0944 0.1136 0.1405 0.1518 0.17 0.199 0.132
 0.00716754 0.06723 0.1038 0.1175 0.1355 0.1573 0.1658 0.1675 0.132
 0.00859106 0.06696 0.1115 0.1319 0.1404 0.1625 0.1654 0.1845 0.132
 0.0108887 0.07722 0.104 0.1201 0.1461 0.151 0.1644 0.1508 0.132
 0.00944017 0.06111 0.1062 0.1223 0.1485 0.1602 0.182 0.1764 0.132
 0.00986473 0.06696 0.1085 0.1308 0.1454 0.1604 0.1607 0.193 0.132
 0.0111884 0.07389 0.1105 0.1406 0.1683 0.1763 0.1962 0.1999 0.2646
 0.00983976 0.06048 0.1059 0.1299 0.1554 0.1663 0.1886 0.225 0.2245
 0.0110385 0.06498 0.0928 0.1224 0.1333 0.1562 0.152 0.156 0.148
 0.0132612 0.08829 0.1155 0.1436 0.157 0.1688 0.1866 0.1946 0.2161
 0.0110385 0.09873 0.1431 0.1551 0.1699 0.1748 0.1887 0.1959 0.1831
 0.0112633 0.07731 0.1135 0.1383 0.1568 0.1685 0.1824 0.1943 0.2073
 0.0112882 0.07794 0.1142 0.1379 0.1545 0.1669 0.1797 0.1932 0.1958
 0.0115879 0.08145 0.1158 0.1395 0.1543 0.167 0.1779 0.1868 0.1901
 0.0116878 0.08478 0.1204 0.1429 0.1585 0.1692 0.1831 0.1929 0.1985
 0.0113632 0.08406 0.1214 0.1427 0.1588 0.1693 0.1823 0.1926 0.195
 0.0114381 0.09036 0.137 0.1628 0.1991 0.2247 0.2331 0.249 0.259
 0.00814152 0.07434 0.1172 0.1641 0.1791 0.1976 0.2103 0.2158 0.2077
 0.0167326 0.07767 0.1212 0.1655 0.1845 0.1947 0.204 0.175 0.21
 0.00616858 0.05535 0.1132 0.1374 0.1645 0.167 0.1825 0.1786 0.1986
 0.0107638 0.07983 0.1325 0.1583 0.1734 0.2029 0.2106 0.227 0.2141
 0.013486 0.07758 0.1178 0.151 0.1688 0.1838 0.1955 0.1956 0.2228
 0.0138106 0.0837 0.123 0.1433 0.1659 0.1822 0.1959 0.2305 0.2405
 0.0141353 0.08694 0.1294 0.1483 0.1665 0.1845 0.1913 0.2143 0.2157
 0.0137107 0.07227 0.1155 0.146 0.169 0.1787 0.1877 0.2067 0.2214
 0.0118127 0.07479 0.1008 0.1327 0.1557 0.1696 0.1821 0.202 0.2148
 0.00956504 0.06966 0.1091 0.1167 0.1507 0.1716 0.1778 0.1849 0.207
 0.00881582 0.06984 0.1037 0.1218 0.1348 0.1536 0.1697 0.1914 0.1987
 0.0114131 0.06768 0.0897 0.1112 0.1237 0.1351 0.1568 0.1769 0.187
 0.00744225 0.07074 0.0975 0.1095 0.1219 0.1336 0.1489 0.1766 0.1756
 0.0138606 0.08271 0.1185 0.1369 0.1472 0.1578 0.1685 0.1795 0.204
 0.0137107 0.07515 0.107 0.1283 0.1418 0.1526 0.1596 0.1719 0.1746
 0.0126618 0.06678 0.0967 0.1165 0.1351 0.1515 0.1519 0.1642 0.1848
 0.0141103 0.06759 0.0964 0.1156 0.1361 0.1471 0.1659 0.1596 0.1947
 0.0125869 0.0801 0.1078 0.1222 0.1379 0.1524 0.1655 0.1763 0.1916
 0.0102393 0.06858 0.1056 0.1205 0.129 0.1413 0.1483 0.1601 0.1728
 0.0117378 0.06876 0.0935 0.1201 0.1334 0.1405 0.1486 0.1671 0.1783
 0.013436 0.06903 0.0964 0.1093 0.1264 0.1367 0.1417 0.1514 0.1556
 0.010614 0.06453 0.0935 0.1061 0.116 0.134 0.1375 0.1413 0.1569
 0.0119875 0.06669 0.092 0.1123 0.1207 0.1309 0.1487 0.1577 0.1623
 0.0130864 0.06507 0.0947 0.1111 0.129 0.1343 0.1429 0.1485 0.1717
 0.0141103 0.06093 0.0839 0.1039 0.119 0.1308 0.1377 0.1454 0.15
 0.0111884 0.0603 0.0799 0.0924 0.1018 0.1204 0.1303 0.1462 0.1523
 0.0144599 0.07119 0.0956 0.104 0.1155 0.1189 0.1363 0.139 0.1519
 0.0116129 0.06255 0.0852 0.1042 0.1099 0.1185 0.1303 0.1308 0.1453
 0.010589 0.06066 0.0917 0.1051 0.1245 0.1264 0.1368 0.1376 0.1535
 0.0115879 0.05949 0.0846 0.1047 0.1177 0.1285 0.1334 0.1476 0.1558
 0.0104391 0.06327 0.0861 0.11 0.1262 0.1402 0.1457 0.1521 0.1596
 0.012487 0.05841 0.0865 0.1003 0.1148 0.1312 0.1432 0.1524 0.1443
 0.00954007 0.05796 0.0709 0.1 0.1059 0.1194 0.1376 0.1392 0.1519
 0.0119625 0.05679 0.0796 0.0908 0.1097 0.1213 0.1309 0.1434 0.1197
 0.00996463 0.05229 0.0702 0.0902 0.1069 0.1104 0.1196 0.1274 0.144
 0.0110385 0.0522 0.0816 0.0947 0.1078 0.1175 0.1316 0.1323 0.1529
 0.00804163 0.06525 0.0823 0.1017 0.1134 0.1198 0.1292 0.1374 0.152
 0.0112133 0.05949 0.0869 0.0985 0.1121 0.118 0.1266 0.1068 0.1504
 0.0100395 0.06183 0.0817 0.1015 0.1111 0.1254 0.1377 0.1447 0.1413
 0.0135109 0.05436 0.0809 0.0906 0.1019 0.1126 0.1183 0.1365 0.125
 0.00894069 0.06714 0.0802 0.0984 0.1088 0.1237 0.1305 0.1386 0.153
 0.0109636 0.05949 0.0967 0.0952 0.1091 0.1164 0.1266 0.129 0.1362
 0.00978981 0.05967 0.0804 0.1144 0.1119 0.1241 0.1309 0.13 0.1222
 0.0101394 0.05607 0.0849 0.0968 0.1191 0.1179 0.1198 0.1312 0.123
 0.0120375 0.06624 0.0847 0.1006 0.1134 0.1275 0.1264 0.1275 0.1328
 0.00811655 0.05796 0.0769 0.0947 0.1041 0.1125 0.1251 0.1274 0.1303
 0.0109386 0.05571 0.0778 0.0949 0.1092 0.1171 0.1187 0.1618 0.1289
 0.0101894 0.05913 0.0809 0.1003 0.1115 0.1198 0.1242 0.1356 0.1274
 0.0102843 0.059022 0.08104 0.09746 0.11146 0.11896 0.12284 0.1367 0.12848
d3_wt_dev
