ObjectiveFunction
-1421.62
FuncEvals
1730
NumParams
7
MaxGrad
0.000167638
ExitCode
1
HangCode
0
Runtime
-11
HerringSoG2020.dat
HerringSoG2020.ctl
HerringSoG2020.pfc
objfun
-1421.62
nlvec
 -282.671
 15.272 8.96966
 -383.811 -489.03 -369.704
 50.227
 0
 0 0 0 0 0
 0 0 0 0 0
 0 0 0 0 0
ro
 1536.42
rbar
 1081.22
rinit
 297.256
sbo
 128.981
kappa
 13.6912
steepness
 0.773898
m
 0.466377
rho
 0.247747
vartheta
 1.66455
varphi
 0.775089
tau
 0.672254
sig
 0.385794
age_tau2
 0.18985 0.0783137 0.15164
narea
1
ngroup
1
nsex
1
syr
1951
nyr
2016
sage
2
nage
10
ngear
5
yr
 1951 1952 1953 1954 1955 1956 1957 1958 1959 1960 1961 1962 1963 1964 1965 1966 1967 1968 1969 1970 1971 1972 1973 1974 1975 1976 1977 1978 1979 1980 1981 1982 1983 1984 1985 1986 1987 1988 1989 1990 1991 1992 1993 1994 1995 1996 1997 1998 1999 2000 2001 2002 2003 2004 2005 2006 2007 2008 2009 2010 2011 2012 2013 2014 2015 2016
yrs
 1951 1952 1953 1954 1955 1956 1957 1958 1959 1960 1961 1962 1963 1964 1965 1966 1967 1968 1969 1970 1971 1972 1973 1974 1975 1976 1977 1978 1979 1980 1981 1982 1983 1984 1985 1986 1987 1988 1989 1990 1991 1992 1993 1994 1995 1996 1997 1998 1999 2000 2001 2002 2003 2004 2005 2006 2007 2008 2009 2010 2011 2012 2013 2014 2015 2016 2017
age
 2 3 4 5 6 7 8 9 10
la
 16.6619 20.603 23.0416 24.5506 25.4844 26.0621 26.4197 26.6409 26.7778
wa
 0.0297539 0.0577923 0.0819955 0.0999856 0.112365 0.120525 0.125771 0.129093 0.131179
ma
 0.24974 0.9 1 1 1 1 1 1 1
dCatchData
 1951 1 1 1 0 1 43.798
 1952 1 1 1 0 1 45.885
 1953 1 1 1 0 1 8.425
 1954 1 1 1 0 1 65.767
 1955 1 1 1 0 1 68.641
 1956 1 1 1 0 1 72.062
 1957 1 1 1 0 1 59.608
 1958 1 1 1 0 1 20.628
 1959 1 1 1 0 1 50.025
 1960 1 1 1 0 1 68.037
 1961 1 1 1 0 1 46.215
 1962 1 1 1 0 1 65.303
 1963 1 1 1 0 1 68.847
 1964 1 1 1 0 1 76.881
 1965 1 1 1 0 1 47.819
 1966 1 1 1 0 1 33.338
 1967 1 1 1 0 1 31.043
 1968 1 1 1 0 1 1.893
 1969 1 1 1 0 1 0.194
 1970 1 1 1 0 1 0.244
 1971 1 1 1 0 1 1.7
 1972 1 1 1 0 1 2.753
 1973 1 1 1 0 1 4.005
 1974 1 1 1 0 1 0.485
 1975 1 1 1 0 1 0.405
 1976 1 1 1 0 1 5.069
 1977 1 1 1 0 1 5.676
 1978 1 1 1 0 1 13.049
 1979 1 1 1 0 1 13.576
 1980 1 1 1 0 1 2.472
 1981 1 1 1 0 1 4.907
 1982 1 1 1 0 1 3.938
 1983 1 1 1 0 1 0.824
 1984 1 1 1 0 1 0.87
 1985 1 1 1 0 1 0.773
 1986 1 1 1 0 1 0.432
 1987 1 1 1 0 1 0.244
 1988 1 1 1 0 1 0.756
 1989 1 1 1 0 1 1.033
 1990 1 1 1 0 1 0.233
 1991 1 1 1 0 1 0.562
 1992 1 1 1 0 1 1.216
 1993 1 1 1 0 1 0.617
 1994 1 1 1 0 1 1.032
 1995 1 1 1 0 1 0.643
 1996 1 1 1 0 1 0.541
 1997 1 1 1 0 1 0.402
 1998 1 1 1 0 1 0.954
 1999 1 1 1 0 1 1.471
 2000 1 1 1 0 1 1.156
 2001 1 1 1 0 1 1.423
 2002 1 1 1 0 1 1.328
 2003 1 1 1 0 1 2.194
 2004 1 1 1 0 1 1.356
 2005 1 1 1 0 1 1.988
 2006 1 1 1 0 1 2.177
 2007 1 1 1 0 1 1.071
 2008 1 1 1 0 1 1.201
 2009 1 1 1 0 1 0.547
 2010 1 1 1 0 1 0.539
 2011 1 1 1 0 1 0.713
 2012 1 1 1 0 1 4.09
 2013 1 1 1 0 1 4.543
 2014 1 1 1 0 1 7.835
 2015 1 1 1 0 1 7.825
 2016 1 1 1 0 1 7.55
 2017 1 1 1 0 1 7.26
 2018 1 1 1 0 1 5.907
 2019 1 1 1 0 1 7.31
 2020 1 1 1 0 1 2.193
 1972 2 1 1 0 1 5.921
 1973 2 1 1 0 1 1.604
 1974 2 1 1 0 1 0.439
 1975 2 1 1 0 1 0.469
 1976 2 1 1 0 1 0.202
 1977 2 1 1 0 1 4.098
 1978 2 1 1 0 1 3.723
 1980 2 1 1 0 1 0.169
 1981 2 1 1 0 1 2.081
 1982 2 1 1 0 1 3.312
 1983 2 1 1 0 1 7.78
 1984 2 1 1 0 1 4.126
 1985 2 1 1 0 1 2.762
 1986 2 1 1 0 1 0.162
 1987 2 1 1 0 1 3.111
 1988 2 1 1 0 1 1.471
 1989 2 1 1 0 1 1.417
 1991 2 1 1 0 1 1.131
 1992 2 1 1 0 1 3.61
 1993 2 1 1 0 1 4.391
 1994 2 1 1 0 1 5.134
 1995 2 1 1 0 1 4.359
 1996 2 1 1 0 1 7.338
 1997 2 1 1 0 1 9.274
 1998 2 1 1 0 1 5.754
 1999 2 1 1 0 1 4.887
 2000 2 1 1 0 1 6.454
 2001 2 1 1 0 1 7.276
 2002 2 1 1 0 1 9.299
 2003 2 1 1 0 1 10.6
 2004 2 1 1 0 1 7.019
 2005 2 1 1 0 1 7.929
 2006 2 1 1 0 1 9.308
 2007 2 1 1 0 1 3.865
 2008 2 1 1 0 1 6.046
 2009 2 1 1 0 1 5.685
 2010 2 1 1 0 1 4.54
 2012 2 1 1 0 1 3.17
 2013 2 1 1 0 1 6.099
 2014 2 1 1 0 1 6.88
 2015 2 1 1 0 1 8.417
 2016 2 1 1 0 1 7.627
 2017 2 1 1 0 1 8.796
 2018 2 1 1 0 1 3.111
 2019 2 1 1 0 1 6.512
 2020 2 1 1 0 1 1.831
 1972 3 1 1 0 1 0.137
 1973 3 1 1 0 1 2.04
 1974 3 1 1 0 1 3.093
 1975 3 1 1 0 1 5.305
 1976 3 1 1 0 1 6.966
 1977 3 1 1 0 1 7.735
 1978 3 1 1 0 1 7.23
 1979 3 1 1 0 1 6.762
 1980 3 1 1 0 1 3.177
 1981 3 1 1 0 1 5.065
 1982 3 1 1 0 1 5.583
 1983 3 1 1 0 1 8.613
 1984 3 1 1 0 1 6.039
 1985 3 1 1 0 1 3.495
 1987 3 1 1 0 1 5.998
 1988 3 1 1 0 1 5.988
 1989 3 1 1 0 1 5.919
 1990 3 1 1 0 1 7.886
 1991 3 1 1 0 1 9.41
 1992 3 1 1 0 1 8.87
 1993 3 1 1 0 1 8.733
 1994 3 1 1 0 1 11.572
 1995 3 1 1 0 1 8.19
 1996 3 1 1 0 1 6.233
 1997 3 1 1 0 1 6.148
 1998 3 1 1 0 1 6.896
 1999 3 1 1 0 1 6.838
 2000 3 1 1 0 1 7.594
 2001 3 1 1 0 1 7.683
 2002 3 1 1 0 1 7.986
 2003 3 1 1 0 1 8.083
 2004 3 1 1 0 1 5.226
 2005 3 1 1 0 1 8.954
 2006 3 1 1 0 1 7.277
 2007 3 1 1 0 1 5.286
 2008 3 1 1 0 1 2.752
 2009 3 1 1 0 1 3.937
 2010 3 1 1 0 1 3.244
 2011 3 1 1 0 1 4.415
 2012 3 1 1 0 1 4.079
 2013 3 1 1 0 1 5.905
 2014 3 1 1 0 1 5.595
 2015 3 1 1 0 1 3.726
 2016 3 1 1 0 1 6.133
 2017 3 1 1 0 1 9.223
 2018 3 1 1 0 1 10.049
 2019 3 1 1 0 1 7.597
 2020 3 1 1 0 1 6.415
ct
 44.2549 46.1328 8.4343 66.3782 68.6873 72.6527 58.7825 20.8732 49.1735 66.8951 46.3232 65.9224 68.5447 76.5058 46.8042 33.7447 30.7134 1.89502 0.19402 0.244007 1.70033 2.75375 4.02115 0.484937 0.404884 5.07342 5.69014 13.1098 13.6206 2.47402 4.90215 3.93073 0.825096 0.87053 0.772414 0.431758 0.244004 0.756066 1.03245 0.232968 0.562031 1.21643 0.616806 1.03164 0.64294 0.540946 0.401997 0.954112 1.47124 1.15553 1.42317 1.32808 2.19473 1.35579 1.98775 2.17497 1.07082 1.20155 0.54698 0.539089 0.71295 4.08585 4.54538 7.87269 7.82982 7.54884 0 0 0 0 5.92736 1.60652 0.439013 0.468794 0.202009 4.10614 3.73114 0.169012 2.08079 3.30439 7.88634 4.14682 2.75362 0.161953 3.10825 1.47149 1.41577 1.13097 3.61439 4.38095 5.11886 4.35451 7.31834 9.26331 5.75803 4.89099 6.43797 7.27555 9.30767 10.6251 7.0177 7.92125 9.26786 3.85965 6.06168 5.68502 4.55161 3.1661 6.10064 6.91769 8.43516 7.62482 0 0 0 0 0.137037 2.05333 3.0993 5.24052 6.90676 7.75994 7.32183 6.95196 3.214 5.07293 5.52467 8.69977 6.24561 3.50222 5.7775 5.95157 5.90771 7.70699 9.12373 8.90544 8.68437 11.2308 8.03251 6.12867 6.06686 6.86687 6.88479 7.60482 7.63297 7.94138 8.13089 5.25884 9.01322 7.28241 5.25627 2.73763 3.93435 3.26042 4.50982 4.05518 5.82848 5.64567 3.76393 6.14756 0 0 0 0
eta
 -0.0103783 -0.00538529 -0.00110317 -0.00925048 -0.000673885 -0.00816345 0.0139452 -0.0118154 0.0171684 0.0169263 -0.00233903 -0.00944103 0.00440108 0.00489266 0.0214503 -0.0121248 0.0106727 -0.00106486 -0.00010556 -2.82749e-005 -0.00019398 -0.000270798 -0.00402502 0.000129286 0.000286349 -0.000871521 -0.00248829 -0.00464991 -0.0032793 -0.000817292 0.000988649 0.00184692 -0.00132945 -0.000609166 0.000757873 0.000561246 -1.82671e-005 -8.738e-005 0.000534016 0.000136118 -5.448e-005 -0.000352078 0.000315018 0.00035201 9.37985e-005 0.00010052 7.88734e-006 -0.000117872 -0.000161408 0.000410394 -0.000117957 -6.2744e-005 -0.000332335 0.000152508 0.000123897 0.00093298 0.000164309 -0.000454344 3.57442e-005 -0.000165744 7.08223e-005 0.00101631 -0.000523191 -0.00479847 -0.000615835 0.000154217 0 0 0 0 -0.00107363 -0.00156725 -2.94563e-005 0.000439916 -4.38311e-005 -0.00198326 -0.00218342 -7.04463e-005 0.000100426 0.00230027 -0.0135757 -0.00503427 0.00303791 0.000288291 0.00088466 -0.000332215 0.000865611 2.68066e-005 -0.00121498 0.00229113 0.00295293 0.00103005 0.00268274 0.00115376 -0.000699537 -0.000816194 0.00248702 6.16416e-005 -0.000932116 -0.00236598 0.000184794 0.000977579 0.00432174 0.00138557 -0.00259024 -4.10682e-006 -0.00255291 0.00122984 -0.000269498 -0.00546339 -0.00215538 0.000285226 0 0 0 0 -0.000271269 -0.00651148 -0.00203339 0.01223 0.00854102 -0.00321874 -0.0126212 -0.0277044 -0.0115794 -0.001564 0.0105031 -0.0100244 -0.0336412 -0.00206492 0.0374548 0.006102 0.00190991 0.0229616 0.0308939 -0.00398772 0.00558375 0.0299326 0.0194162 0.0168807 0.0132862 0.00423296 -0.00681985 -0.00142433 0.00653368 0.00560248 -0.00590729 -0.00626359 -0.00659156 -0.000743761 0.00563944 0.00523407 0.000673617 -0.00504852 -0.0212499 0.0058576 0.0130425 -0.00901525 -0.0101273 -0.00237089 0 0 0 0
q
 1.00643 0.998878
qt
 0 0 0 0 0 0 0 0 0 0 0 0 0 0 0 0 0 0 0 0 0 0 0 0 0 0 0 0 0 0 0 0 0 0 0 0 0
 0 0 0 0 0 0 0 0 0 0 0 0 0 0 0 0 0 0 0 0 0 0 0 0 0 0 0 0 0 0 0 0 0
d3_survey_data
 1951 66.143 4 1 1 0 1 1
 1952 72.376 4 1 1 0 1 1
 1953 111.307 4 1 1 0 1 1
 1954 82.141 4 1 1 0 1 1
 1955 69.854 4 1 1 0 1 1
 1956 25.667 4 1 1 0 1 1
 1957 24.465 4 1 1 0 1 1
 1958 16.911 4 1 1 0 1 1
 1959 47.864 4 1 1 0 1 1
 1960 55.709 4 1 1 0 1 1
 1961 44.326 4 1 1 0 1 1
 1962 35.596 4 1 1 0 1 1
 1963 37.381 4 1 1 0 1 1
 1964 35.954 4 1 1 0 1 1
 1965 38.39 4 1 1 0 1 1
 1966 7.211 4 1 1 0 1 1
 1967 9.647 4 1 1 0 1 1
 1968 9.442 4 1 1 0 1 1
 1969 14.039 4 1 1 0 1 1
 1970 34.163 4 1 1 0 1 1
 1971 38.921 4 1 1 0 1 1
 1972 25.139 4 1 1 0 1 1
 1973 16.191 4 1 1 0 1 1
 1974 40.571 4 1 1 0 1 1
 1975 70.208 4 1 1 0 1 1
 1976 60.996 4 1 1 0 1 1
 1977 78.113 4 1 1 0 1 1
 1978 101.784 4 1 1 0 1 1
 1979 63.973 4 1 1 0 1 1
 1980 85.679 4 1 1 0 1 1
 1981 54.754 4 1 1 0 1 1
 1982 101.025 4 1 1 0 1 1
 1983 66.201 4 1 1 0 1 1
 1984 26.054 4 1 1 0 1 1
 1985 25.024 4 1 1 0 1 1
 1986 41.575 4 1 1 0 1 1
 1987 41.737 4 1 1 0 1 1
 1988 24.976 5 1 1 0 1.1666 1
 1989 66.052 5 1 1 0 1.1666 1
 1990 67.15 5 1 1 0 1.1666 1
 1991 45.629 5 1 1 0 1.1666 1
 1992 82.71 5 1 1 0 1.1666 1
 1993 90.197 5 1 1 0 1.1666 1
 1994 67.138 5 1 1 0 1.1666 1
 1995 64.898 5 1 1 0 1.1666 1
 1996 71.346 5 1 1 0 1.1666 1
 1997 58.296 5 1 1 0 1.1666 1
 1998 74.616 5 1 1 0 1.1666 1
 1999 85.094 5 1 1 0 1.1666 1
 2000 72.688 5 1 1 0 1.1666 1
 2001 100.248 5 1 1 0 1.1666 1
 2002 117.862 5 1 1 0 1.1666 1
 2003 152.15 5 1 1 0 1.1666 1
 2004 122.839 5 1 1 0 1.1666 1
 2005 102.651 5 1 1 0 1.1666 1
 2006 50.258 5 1 1 0 1.1666 1
 2007 38.524 5 1 1 0 1.1666 1
 2008 34.507 5 1 1 0 1.1666 1
 2009 53.652 5 1 1 0 1.1666 1
 2010 50.454 5 1 1 0 1.1666 1
 2011 85.001 5 1 1 0 1.1666 1
 2012 52.636 5 1 1 0 1.1666 1
 2013 83.693 5 1 1 0 1.1666 1
 2014 120.468 5 1 1 0 1.1666 1
 2015 104.481 5 1 1 0 1.1666 1
 2016 129.502 5 1 1 0 1.1666 1
 2017 81.064 5 1 1 0 1.1666 1
 2018 91.939 5 1 1 0 1.1666 1
 2019 63.038 5 1 1 0 1.1666 1
 2020 116.151 5 1 1 0 1.1666 1
it_hat
 48.005 46.1705 68.8033 86.0448 81.2331 46.3729 23.5006 36.0712 50.9489 49.3926 45.2934 49.475 44.0448 40.9387 25.2818 13.5872 7.33503 12.4504 16.1626 25.4873 31.0285 29.0417 33.7561 42.5668 51.4442 61.3661 72.1056 64.2897 60.317 61.0843 59.0914 50.4518 33.5503 28.1984 36.5951 52.2446 53.2242
 66.72 63.7647 72.4663 80.6575 99.2781 102.114 87.2749 77.9846 80.4095 85.2623 80.5704 73.2664 71.8084 92.0245 97.3101 96.6232 80.638 69.473 57.2908 60.7524 40.3119 43.3194 37.7242 58.7998 63.8526 62.1731 74.1513 76.7108 107.247 0 0 0 0
it_wt
 0.927179 0.927179 0.927179 0.927179 0.927179 0.927179 0.927179 0.927179 0.927179 0.927179 0.927179 0.927179 0.927179 0.927179 0.927179 0.927179 0.927179 0.927179 0.927179 0.927179 0.927179 0.927179 0.927179 0.927179 0.927179 0.927179 0.927179 0.927179 0.927179 0.927179 0.927179 0.927179 0.927179 0.927179 0.927179 0.927179 0.927179
 1.08165 1.08165 1.08165 1.08165 1.08165 1.08165 1.08165 1.08165 1.08165 1.08165 1.08165 1.08165 1.08165 1.08165 1.08165 1.08165 1.08165 1.08165 1.08165 1.08165 1.08165 1.08165 1.08165 1.08165 1.08165 1.08165 1.08165 1.08165 1.08165 1.08165 1.08165 1.08165 1.08165
epsilon
 0.320514 0.449533 0.481041 -0.0464304 -0.150915 -0.591509 0.0402175 -0.75753 -0.0624591 0.120341 -0.0215907 -0.329235 -0.164044 -0.129835 0.417712 -0.633519 0.273985 -0.276588 -0.140863 0.292961 0.226628 -0.144313 -0.734706 -0.0480199 0.310964 -0.00604966 0.0800252 0.459453 0.0588466 0.338352 -0.0762347 0.69435 0.679651 -0.0790925 -0.380079 -0.228437 -0.243125
 -0.982589 0.0352418 -0.0761931 -0.569669 -0.182585 -0.12409 -0.262313 -0.183694 -0.119591 -0.380199 -0.0767761 0.149654 0.0121752 0.085592 0.191612 0.454048 0.420905 0.390396 -0.130971 -0.455526 -0.155486 0.213918 0.290761 0.368524 -0.193177 0.297234 0.485276 0.308962 0.188558 0 0 0 0
n_A_sage
 2 2 2
n_A_nage
 10 10 10
d3_A
 1951 1 1 1 0 326 4413 2371 556 110 27 8 2 0
 1952 1 1 1 0 1008 4900 2191 589 114 23 6 1 0
 1953 1 1 1 0 763 3509 1897 285 96 15 4 0 0
 1954 1 1 1 0 200 6011 4845 1520 432 124 27 3 0
 1955 1 1 1 0 227 2533 2048 350 57 6 0 0 0
 1956 1 1 1 0 280 2550 2628 2307 529 86 26 5 3
 1957 1 1 1 0 84 3829 1566 761 333 38 3 1 1
 1958 1 1 1 0 588 3548 1528 428 363 212 29 5 0
 1959 1 1 1 0 1616 6073 1455 251 55 24 12 2 1
 1960 1 1 1 0 288 1921 1368 135 20 6 3 0 1
 1961 1 1 1 0 1292 1252 1191 765 263 39 4 0 0
 1962 1 1 1 0 317 2348 608 212 114 30 9 0 0
 1963 1 1 1 0 427 1388 734 113 33 14 2 0 0
 1964 1 1 1 0 259 2650 1507 172 36 11 5 0 0
 1965 1 1 1 0 555 1870 891 95 36 8 5 0 0
 1966 1 1 1 0 184 274 191 114 18 9 0 0 0
 1972 1 1 1 0 394 1313 1337 696 143 51 5 1 0
 1973 1 1 1 0 47 1294 1432 1188 585 82 14 2 0
 1974 1 1 1 0 15 63 7 1 0 0 0 0 0
 1975 1 1 1 0 97 265 54 9 6 2 0 1 0
 1976 1 1 1 0 272 872 1723 914 272 117 41 18 2
 1977 1 1 1 0 110 1349 584 439 118 33 13 4 3
 1978 1 1 1 0 42 695 815 207 145 59 10 7 2
 1979 1 1 1 0 44 437 1002 703 213 121 30 7 3
 1980 1 1 1 0 121 1753 969 773 345 91 52 15 4
 1981 1 1 1 0 176 1521 1554 715 391 135 21 5 0
 1982 1 1 1 0 80 839 711 349 133 92 19 2 1
 1983 1 1 1 0 60 336 507 392 211 77 91 44 9
 1984 1 1 1 0 279 598 435 321 153 63 19 8 6
 1985 1 1 1 0 681 993 464 188 77 25 8 2 0
 1986 1 1 1 0 116 501 177 50 15 3 1 0 0
 1987 1 1 1 0 192 306 273 88 17 4 2 0 0
 1988 1 1 1 0 32 550 158 140 25 6 2 1 0
 1989 1 1 1 0 278 174 450 74 62 9 2 0 0
 1990 1 1 1 0 37 427 102 144 16 19 0 0 0
 1991 1 1 1 0 162 286 313 57 56 7 2 0 0
 1992 1 1 1 0 31 526 92 56 4 1 1 0 0
 1993 1 1 1 0 253 302 316 67 26 3 6 1 0
 1994 1 1 1 0 42 287 134 81 9 5 0 0 0
 1995 1 1 1 0 294 329 413 125 54 8 2 0 1
 1996 1 1 1 0 421 821 199 157 41 18 3 0 0
 1997 1 1 1 0 112 304 70 16 4 1 2 1 0
 1998 1 1 1 0 60 699 596 99 19 8 2 0 0
 1999 1 1 1 0 175 416 619 217 46 9 2 0 0
 2000 1 1 1 0 422 736 259 210 65 18 2 2 0
 2001 1 1 1 0 91 560 326 85 56 22 6 2 0
 2002 1 1 1 0 131 949 369 93 16 5 2 0 1
 2003 1 1 1 0 28 377 303 75 21 5 2 2 0
 2004 1 1 1 0 80 288 402 153 30 9 0 1 0
 2005 1 1 1 0 42 207 134 134 43 17 3 1 0
 2006 1 1 1 0 87 154 142 64 46 14 2 1 0
 2007 1 1 1 0 57 510 309 104 25 14 2 0 0
 2008 1 1 1 0 320 234 1134 276 69 22 15 1 0
 2009 1 1 1 0 8 692 150 52 10 2 0 0 0
 2010 1 1 1 0 272 103 705 50 29 10 2 3 0
 2011 1 1 1 0 354 1011 126 114 10 6 0 0 0
 2012 1 1 1 0 246 2382 1917 172 143 9 4 0 0
 2013 1 1 1 0 823 1429 1116 674 51 39 4 0 0
 2014 1 1 1 0 148 1940 618 350 241 18 18 3 0
 2015 1 1 1 0 671 1365 1292 345 151 75 12 2 0
 2016 1 1 1 0 842 1025 1153 656 152 36 8 2 1
 2017 1 1 1 0 439 1216 900 722 341 68 11 2 0
 2018 1 1 1 0 405 1894 939 464 260 88 13 7 3
 2019 1 1 1 0 1128 1524 882 404 196 95 25 3 0
 1972 2 1 1 0 428 1819 1655 903 174 50 6 1 0
 1973 2 1 1 0 16 208 81 49 23 2 0 0 0
 1975 2 1 1 0 191 2852 1452 408 174 83 25 9 0
 1976 2 1 1 0 135 279 456 166 38 26 17 5 1
 1977 2 1 1 0 79 1315 474 341 91 30 18 6 3
 1978 2 1 1 0 29 1209 1477 396 253 47 10 1 2
 1979 2 1 1 0 23 282 461 394 132 73 29 9 6
 1980 2 1 1 0 103 2061 656 733 408 107 51 11 5
 1981 2 1 1 0 660 3111 2493 903 774 297 52 23 2
 1982 2 1 1 0 371 1875 1354 1127 253 282 135 30 4
 1983 2 1 1 0 358 3759 3407 2134 1372 381 366 150 35
 1984 2 1 1 0 894 2869 2101 935 515 242 81 35 11
 1985 2 1 1 0 2818 3815 1558 651 276 108 47 5 1
 1986 2 1 1 0 818 3603 1423 396 123 48 9 5 0
 1987 2 1 1 0 855 2584 2861 1176 273 82 29 10 5
 1988 2 1 1 0 327 3568 883 900 242 61 13 4 0
 1989 2 1 1 0 643 1157 3435 607 456 102 20 2 1
 1990 2 1 1 0 496 3251 607 1070 170 97 23 3 1
 1991 2 1 1 0 701 1191 2125 473 770 118 74 10 1
 1992 2 1 1 0 260 2762 691 843 176 260 30 16 1
 1993 2 1 1 0 963 2138 1747 379 326 76 84 8 2
 1994 2 1 1 0 279 2518 1594 1120 238 168 42 9 0
 1995 2 1 1 0 664 1317 2080 1010 627 155 62 20 6
 1996 2 1 1 0 1125 4051 1170 1198 481 280 57 19 7
 1997 2 1 1 0 805 3810 1667 428 464 185 107 9 5
 1998 2 1 1 0 349 3992 2608 1005 216 166 62 16 2
 1999 2 1 1 0 231 898 1553 687 245 67 26 6 2
 2000 2 1 1 0 692 2444 1237 1432 570 137 19 13 1
 2001 2 1 1 0 499 2856 1847 564 531 169 39 6 2
 2002 2 1 1 0 413 2536 1325 607 127 108 21 4 0
 2003 2 1 1 0 387 3835 3248 1060 310 77 33 7 0
 2004 2 1 1 0 398 1274 1805 902 225 67 14 8 1
 2005 2 1 1 0 337 1313 1390 1093 362 85 30 10 4
 2006 2 1 1 0 1438 1334 1095 734 442 98 35 8 1
 2007 2 1 1 0 89 2469 1384 647 324 174 40 10 1
 2008 2 1 1 0 75 445 2531 562 215 89 27 8 2
 2009 2 1 1 0 16 2644 564 559 173 58 25 10 1
 2010 2 1 1 0 566 164 3428 269 300 70 26 7 4
 2011 2 1 1 0 319 3243 576 1031 105 57 22 4 1
 2012 2 1 1 0 82 1757 2391 208 391 36 11 4 0
 2013 2 1 1 0 245 1190 1457 1311 102 160 13 2 2
 2014 2 1 1 0 134 973 482 577 472 45 45 4 1
 2015 2 1 1 0 363 2399 2350 541 308 160 13 9 0
 2016 2 1 1 0 512 1342 1808 923 202 110 70 7 4
 2017 2 1 1 0 392 1312 1319 1071 398 85 36 12 2
 2018 2 1 1 0 256 1680 1175 764 438 133 19 7 0
 2019 2 1 1 0 1147 1814 1245 648 297 127 32 6 1
 1972 3 1 1 0 46 119 481 300 71 15 2 1 0
 1973 3 1 1 0 0 39 68 84 25 7 1 0 0
 1974 3 1 1 0 0 48 418 310 165 40 9 0 0
 1975 3 1 1 0 0 9 78 65 22 6 1 0 0
 1976 3 1 1 0 0 5 349 385 112 26 6 1 0
 1977 3 1 1 0 0 54 456 755 263 60 8 2 0
 1978 3 1 1 0 0 4 115 170 202 65 8 2 0
 1979 3 1 1 0 0 7 141 332 82 35 9 0 1
 1980 3 1 1 0 0 15 69 336 252 66 14 2 0
 1981 3 1 1 0 1 25 207 262 426 183 32 3 1
 1982 3 1 1 0 0 37 128 237 123 173 118 14 3
 1983 3 1 1 0 0 2 113 120 96 38 30 7 1
 1984 3 1 1 0 0 54 231 238 147 71 13 5 7
 1985 3 1 1 0 1 34 286 356 259 101 41 9 9
 1987 3 1 1 0 0 48 684 642 317 163 50 11 5
 1988 3 1 1 0 0 75 122 395 160 45 19 3 2
 1989 3 1 1 0 0 13 331 181 213 64 18 3 0
 1990 3 1 1 0 0 115 160 771 167 133 20 4 1
 1991 3 1 1 0 0 14 306 187 436 79 51 13 1
 1992 3 1 1 0 0 74 174 510 137 221 31 17 5
 1993 3 1 1 0 0 104 363 154 196 37 49 2 2
 1994 3 1 1 0 1 45 300 537 183 95 30 8 2
 1995 3 1 1 0 0 21 243 341 242 52 22 4 2
 1996 3 1 1 0 0 21 86 247 119 56 10 4 1
 1997 3 1 1 0 0 30 113 104 202 108 54 16 6
 1998 3 1 1 0 0 45 450 438 185 191 57 26 6
 1999 3 1 1 0 0 18 245 307 176 56 28 5 1
 2000 3 1 1 0 0 12 161 488 309 99 24 4 0
 2001 3 1 1 0 0 31 190 263 345 154 34 7 3
 2002 3 1 1 0 0 45 206 285 149 178 45 5 2
 2003 3 1 1 0 0 32 293 452 316 139 87 29 6
 2004 3 1 1 0 0 25 278 451 276 116 25 13 1
 2005 3 1 1 0 0 5 91 352 207 80 28 9 1
 2006 3 1 1 0 0 7 119 315 322 160 40 11 1
 2007 3 1 1 0 0 144 397 801 802 551 146 42 7
 2008 3 1 1 0 1 32 857 468 318 159 56 18 1
 2009 3 1 1 0 0 42 63 466 166 99 29 11 1
 2010 3 1 1 0 0 1 222 67 428 114 60 23 8
 2011 3 1 1 0 0 103 77 1171 205 260 61 18 8
 2012 3 1 1 0 1 247 1306 154 398 50 28 4 2
 2013 3 1 1 0 0 27 286 689 84 160 8 4 2
 2014 3 1 1 0 0 23 110 489 799 75 106 9 2
 2015 3 1 1 0 0 100 456 386 645 634 55 29 3
 2016 3 1 1 0 2 159 618 564 252 263 229 27 18
 2017 3 1 1 0 1 56 622 1022 645 187 86 39 3
 2018 3 1 1 0 2 97 417 726 694 248 37 14 1
 2019 3 1 1 0 25 188 603 640 455 230 85 9 2
A_hat
 0.122462 0.511403 0.261382 0.0316064 0.0234775 0.0170407 0.0119413 0.00819062 0.0124958
 0.13959 0.48687 0.248362 0.089736 0.0106975 0.00794233 0.00576468 0.00403962 0.006998
 0.157133 0.502802 0.221358 0.0793145 0.0282431 0.00336521 0.00249843 0.00181341 0.00347213
 0.0960527 0.522765 0.251986 0.0844199 0.0299212 0.0106506 0.00126902 0.000942163 0.00199318
 0.0559398 0.461689 0.317669 0.109391 0.0361474 0.0128058 0.00455822 0.000543112 0.00125626
 0.058623 0.343075 0.344074 0.168231 0.0571267 0.0188679 0.00668414 0.00237923 0.000939205
 0.118085 0.380583 0.23101 0.156546 0.075304 0.0255569 0.00844082 0.00299024 0.00148454
 0.212963 0.505861 0.153764 0.0593265 0.0394398 0.0189594 0.00643435 0.00212511 0.00112659
 0.127001 0.613778 0.185486 0.0405722 0.0154453 0.0102632 0.00493361 0.00167434 0.000846157
 0.0708471 0.541112 0.300288 0.0630631 0.0135885 0.00517028 0.00343551 0.00165148 0.000843716
 0.184522 0.36343 0.304191 0.114837 0.0237337 0.00511119 0.00194472 0.00129221 0.00093853
 0.141205 0.607908 0.135243 0.0782101 0.0290776 0.00600643 0.0012935 0.000492153 0.000564537
 0.186532 0.514375 0.234287 0.0352004 0.0200265 0.00744143 0.00153711 0.000331019 0.000270418
 0.0960787 0.652741 0.181483 0.0548009 0.00809329 0.00460176 0.00170989 0.000353196 0.000138198
 0.109185 0.481587 0.32678 0.0598604 0.0177625 0.00262168 0.00149063 0.000553875 0.000159175
 0.217596 0.460797 0.205661 0.0929044 0.0167319 0.00496199 0.000732358 0.000416402 0.000199188
 0.129594 0.451107 0.290752 0.10285 0.0150894 0.0092694 0.00116422 0.000122089 5.26132e-005
 0.145385 0.459923 0.239927 0.108748 0.0368649 0.00537572 0.0033003 0.000414491 6.2198e-005
 0.154675 0.476162 0.23417 0.085711 0.0350129 0.0114409 0.00166103 0.00101936 0.00014723
 0.0752702 0.529522 0.261811 0.0891034 0.0286081 0.0111612 0.00362713 0.000526348 0.000369654
 0.119046 0.329077 0.37099 0.127009 0.0367809 0.0110737 0.00428678 0.00139215 0.000343878
 0.081679 0.481234 0.207424 0.162428 0.0480396 0.0131343 0.00392697 0.00151925 0.000615222
 0.0440153 0.394329 0.355041 0.105857 0.0723764 0.0203162 0.00551969 0.00164939 0.000896469
 0.0935271 0.252033 0.337764 0.211058 0.0554637 0.0360888 0.0100697 0.00273438 0.00126113
 0.0709215 0.4309 0.178795 0.173389 0.0986229 0.0249336 0.0161474 0.00450369 0.00178693
 0.0742167 0.335322 0.326449 0.0991849 0.0903067 0.0503792 0.0127078 0.00822817 0.00320542
 0.0668225 0.365844 0.258088 0.179329 0.0498128 0.0439631 0.0244348 0.0061615 0.00554353
 0.0710831 0.355114 0.292793 0.138313 0.0843105 0.0224574 0.0197226 0.0109571 0.00524861
 0.155031 0.349033 0.258869 0.136356 0.0518553 0.028996 0.00764318 0.00670624 0.00550995
 0.219406 0.47792 0.164279 0.0807437 0.0344748 0.0119985 0.00663703 0.00174781 0.00279332
 0.0808228 0.611373 0.214268 0.0542547 0.0235256 0.00945196 0.00326497 0.00180483 0.00123481
 0.186392 0.309824 0.374297 0.0918279 0.021904 0.00943753 0.00378969 0.001309 0.00121866
 0.0481573 0.616569 0.162777 0.134525 0.0275374 0.00609306 0.00260133 0.00104374 0.000696106
 0.140637 0.22723 0.467226 0.0864707 0.0619451 0.0119822 0.00263314 0.0011235 0.000751384
 0.0710811 0.530616 0.138173 0.199739 0.0324376 0.0221047 0.00425008 0.000933479 0.000664637
 0.165194 0.300074 0.362159 0.0657853 0.0829933 0.0128167 0.0086814 0.00166829 0.000627282
 0.0953418 0.553074 0.161392 0.136314 0.021325 0.0253421 0.00388535 0.00263006 0.000695415
 0.120512 0.381228 0.352921 0.0721461 0.0532783 0.00791293 0.00934479 0.00143191 0.00122552
 0.0529255 0.489109 0.245706 0.157313 0.0280052 0.019646 0.0028999 0.00342279 0.000973312
 0.125037 0.259278 0.381627 0.134924 0.0746728 0.0125131 0.00871367 0.00128537 0.00194845
 0.160331 0.449805 0.148371 0.156639 0.0497946 0.0264424 0.00440895 0.00306889 0.00113888
 0.133633 0.512838 0.225178 0.0523395 0.0499479 0.0153226 0.0081023 0.00135045 0.00128879
 0.0559666 0.504489 0.302595 0.0919214 0.0188776 0.0172165 0.00525294 0.00277632 0.000904321
 0.100323 0.275516 0.393194 0.166135 0.0443057 0.00863799 0.00782845 0.00238722 0.0016726
 0.120758 0.4196 0.181552 0.183056 0.0691785 0.0176988 0.00343345 0.00311031 0.00161294
 0.129584 0.451374 0.245348 0.0741889 0.0665002 0.0240604 0.00612356 0.00118739 0.00163337
 0.115951 0.4721 0.25649 0.0967536 0.0257799 0.0220466 0.00793172 0.00201769 0.000929385
 0.0682333 0.467218 0.295478 0.11126 0.0367234 0.00929387 0.00789876 0.00284019 0.00105524
 0.081398 0.328673 0.35228 0.158326 0.0530793 0.0167078 0.00420405 0.00357117 0.00176111
 0.0843167 0.381762 0.241057 0.182071 0.0745867 0.0242576 0.00760825 0.0019138 0.00242733
 0.159357 0.36323 0.252239 0.109934 0.072995 0.0284951 0.00921383 0.00288838 0.00164799
 0.0387808 0.585484 0.204798 0.0973726 0.0369521 0.023248 0.00901642 0.00291377 0.0014345
 0.174415 0.187169 0.445041 0.111858 0.0474353 0.0171695 0.01074 0.00416325 0.00200769
 0.0310612 0.624301 0.103299 0.173245 0.0399035 0.0164293 0.00592589 0.00370567 0.00212913
 0.234075 0.146571 0.456362 0.052976 0.0798807 0.0176951 0.00725154 0.00261448 0.0025742
 0.0966639 0.657396 0.0646329 0.138649 0.0142772 0.020636 0.00454826 0.00186307 0.00133303
 0.0518245 0.403076 0.439939 0.0307098 0.0576885 0.00563463 0.00809228 0.00178256 0.00125256
 0.113439 0.266233 0.321353 0.247824 0.0154219 0.027721 0.00269325 0.00386616 0.00145
 0.0969336 0.470753 0.168759 0.143774 0.0999957 0.00598501 0.0107078 0.00103989 0.00205255
 0.0945848 0.414552 0.304172 0.0775679 0.0604459 0.0406647 0.00242417 0.00433557 0.00125209
 0.15415 0.385691 0.255353 0.131681 0.0308982 0.0234253 0.0157081 0.00093615 0.00215775
 0 0 0 0 0 0 0 0 0
 0 0 0 0 0 0 0 0 0
 0 0 0 0 0 0 0 0 0
 0.0991291 0.407583 0.339506 0.123005 0.0180711 0.0111019 0.00139438 0.000146226 6.30146e-005
 0.112095 0.418863 0.282394 0.131097 0.0445018 0.00648982 0.00398429 0.000500395 7.50886e-005
 0.0574992 0.477796 0.305306 0.106423 0.0342156 0.0133499 0.00433843 0.000629567 0.000442144
 0.0877265 0.286439 0.417335 0.146337 0.0424359 0.0127772 0.00494625 0.00160631 0.000396779
 0.0615991 0.428686 0.238798 0.191526 0.0567231 0.0155096 0.00463715 0.00179401 0.000726484
 0.0320101 0.338736 0.394159 0.120367 0.0824095 0.0231343 0.00628533 0.00187818 0.00102082
 0.0667003 0.212309 0.367717 0.23534 0.0619294 0.0402987 0.0112444 0.00305337 0.00140825
 0.0524368 0.376317 0.2018 0.20044 0.114165 0.028865 0.0186936 0.00521383 0.00206869
 0.0537108 0.286644 0.360648 0.11223 0.102324 0.0570874 0.0143999 0.00932382 0.00363225
 0.048537 0.313881 0.286172 0.203659 0.0566484 0.0499997 0.02779 0.00700755 0.00630473
 0.0516151 0.304577 0.324549 0.157028 0.0958493 0.0255328 0.0224236 0.0124577 0.00596739
 0.116271 0.3092 0.296375 0.159893 0.0608896 0.0340502 0.00897547 0.00787521 0.0064704
 0.175355 0.451175 0.200429 0.100898 0.043139 0.015015 0.00830567 0.00218724 0.00349559
 0.0633213 0.565772 0.256261 0.0664595 0.0288572 0.0115949 0.00400521 0.00221403 0.00151477
 0.140538 0.275932 0.430817 0.108255 0.0258576 0.0111418 0.00447406 0.00154539 0.00143873
 0.0371954 0.562507 0.191923 0.162455 0.0333001 0.0073687 0.00314596 0.00126226 0.000841845
 0.10189 0.194454 0.516735 0.09795 0.0702644 0.0135924 0.002987 0.00127448 0.000852362
 0.0540287 0.476398 0.160326 0.237377 0.0386025 0.0263077 0.00505823 0.00111098 0.000791016
 0.123046 0.26401 0.411795 0.0766134 0.0967859 0.0149478 0.0101249 0.0019457 0.000731586
 0.0737662 0.505448 0.190618 0.1649 0.0258321 0.0307005 0.00470689 0.00318618 0.000842458
 0.0901386 0.33681 0.402965 0.0843718 0.0623918 0.00926716 0.0109441 0.00167698 0.00143526
 0.0395637 0.431874 0.280386 0.183865 0.0327769 0.022995 0.00339426 0.00400629 0.00113924
 0.0906044 0.22192 0.422142 0.152864 0.0847169 0.0141972 0.00988648 0.00145838 0.0022107
 0.123722 0.409991 0.174778 0.188988 0.0601602 0.0319492 0.00532715 0.00370802 0.00137607
 0.104077 0.471782 0.267717 0.0637346 0.0609054 0.0186855 0.00988053 0.00164684 0.00157165
 0.0421432 0.448714 0.347832 0.108223 0.0222558 0.0202989 0.00619343 0.00327339 0.00106623
 0.0723182 0.234591 0.432674 0.187245 0.0500037 0.00974959 0.00883591 0.00269444 0.00188785
 0.0908953 0.373062 0.208611 0.215434 0.0815257 0.0208592 0.00404657 0.00366572 0.00190096
 0.0989895 0.407281 0.286108 0.0886096 0.079535 0.0287785 0.00732441 0.00142024 0.00195368
 0.0886254 0.426223 0.299271 0.115626 0.0308505 0.0263848 0.00949252 0.00241473 0.00111227
 0.0510867 0.41319 0.337711 0.130242 0.0430479 0.0108952 0.00925978 0.00332958 0.00123706
 0.0590211 0.281499 0.389933 0.179493 0.0602581 0.0189688 0.004773 0.00405446 0.00199945
 0.061935 0.331233 0.270303 0.209106 0.085779 0.0278997 0.00875059 0.00220115 0.00279179
 0.1202 0.323618 0.290437 0.129648 0.086203 0.0336536 0.0108818 0.00341128 0.00194633
 0.0295945 0.52775 0.238577 0.116181 0.04415 0.0277785 0.0107735 0.0034816 0.00171406
 0.126627 0.160507 0.493232 0.126974 0.0539188 0.0195177 0.0122089 0.00473265 0.00228228
 0.0238263 0.565653 0.12096 0.207779 0.0479231 0.0197326 0.00711739 0.00445076 0.00255723
 0.172248 0.1274 0.512647 0.0609512 0.092032 0.0203883 0.00835527 0.00301242 0.00296601
 0.0769979 0.618531 0.0785917 0.172678 0.0178055 0.0257377 0.0056727 0.00232367 0.00166258
 0.0379917 0.349028 0.492329 0.0351993 0.0662125 0.00646766 0.00928869 0.00204611 0.00143775
 0.0818438 0.226885 0.353929 0.279558 0.0174205 0.0313158 0.00304251 0.00436752 0.00163803
 0.0732719 0.420315 0.194732 0.169921 0.118343 0.00708364 0.0126734 0.00123079 0.00242933
 0.0705481 0.365227 0.346332 0.0904585 0.0705875 0.0474909 0.00283112 0.00506338 0.00146227
 0.116788 0.345155 0.295329 0.155984 0.036651 0.0277888 0.0186341 0.00111053 0.00255968
 0 0 0 0 0 0 0 0 0
 0 0 0 0 0 0 0 0 0
 0 0 0 0 0 0 0 0 0
 0.0118076 0.0607004 0.301755 0.461698 0.0949202 0.0603713 0.00760541 0.000797767 0.000343797
 0.0119996 0.0560617 0.225569 0.442228 0.210073 0.0317165 0.0195303 0.00245348 0.000368175
 0.0138275 0.0628651 0.238455 0.377515 0.216101 0.0731108 0.0106465 0.00653535 0.000943943
 0.00664528 0.0690411 0.263289 0.387579 0.174376 0.0704371 0.0229595 0.0033326 0.00234053
 0.00801584 0.0327239 0.284543 0.421352 0.170987 0.0532998 0.0206953 0.00672261 0.00166061
 0.00515389 0.044845 0.149086 0.504965 0.209282 0.0592424 0.017766 0.00687503 0.00278411
 0.00260236 0.0344315 0.239109 0.308361 0.29544 0.0858633 0.0233984 0.00699369 0.00380127
 0.00422638 0.0168199 0.17386 0.469904 0.173041 0.116575 0.0326254 0.00886155 0.00408713
 0.00330069 0.0296167 0.0947839 0.39758 0.316893 0.0829489 0.0538813 0.0150319 0.00596435
 0.0035781 0.0238752 0.179275 0.235598 0.300593 0.173621 0.0439268 0.0284494 0.0110832
 0.00310002 0.0250653 0.136384 0.409891 0.159548 0.145791 0.0812756 0.0204998 0.0184441
 0.00342606 0.0252773 0.160747 0.328449 0.280555 0.0773729 0.0681557 0.0378744 0.0181427
 0.00890247 0.0296001 0.169327 0.385783 0.205586 0.119023 0.0314684 0.0276179 0.0226918
 0.0202889 0.0652678 0.17304 0.367871 0.220101 0.0793119 0.0440041 0.0115911 0.0185251
 0.0154404 0.0379037 0.353185 0.374786 0.125275 0.0558845 0.0225084 0.00777665 0.0072401
 0.0039836 0.0753232 0.153377 0.548269 0.157269 0.0360288 0.0154283 0.0061919 0.0041297
 0.00906451 0.0216293 0.343024 0.274592 0.27565 0.0552051 0.0121682 0.00519319 0.00347324
 0.0043057 0.0474683 0.0953384 0.596115 0.135658 0.0957137 0.0184585 0.00405522 0.00288738
 0.0107213 0.0287617 0.267736 0.210357 0.371881 0.0594606 0.0403972 0.00776507 0.00291975
 0.0071861 0.061564 0.138562 0.506207 0.11097 0.136538 0.0209966 0.0142166 0.0037591
 0.00901848 0.0421329 0.300839 0.266007 0.275272 0.0423293 0.0501397 0.00768493 0.00657738
 0.0034852 0.0475666 0.184303 0.510391 0.127324 0.0924776 0.0136916 0.0161645 0.00459668
 0.00679207 0.0208 0.236133 0.361102 0.280049 0.0485879 0.033937 0.00500741 0.00759071
 0.00991038 0.0410611 0.104466 0.477033 0.212502 0.116835 0.0195396 0.0136042 0.00504872
 0.0117752 0.0667374 0.226013 0.227228 0.303865 0.0965139 0.0511885 0.00853405 0.00814457
 0.00468288 0.0623404 0.288403 0.378946 0.109053 0.102974 0.0315134 0.0166599 0.0054267
 0.00566793 0.0229881 0.253036 0.462444 0.172819 0.0348847 0.0317108 0.0096724 0.0067771
 0.0065438 0.0335802 0.112065 0.488738 0.258818 0.068558 0.0133399 0.0120876 0.00626847
 0.0091265 0.0469487 0.196829 0.257436 0.323359 0.121131 0.0309219 0.00599744 0.00825025
 0.00917504 0.0551698 0.231185 0.377205 0.140839 0.124703 0.0449997 0.01145 0.00527423
 0.00499837 0.0505458 0.246553 0.401555 0.185731 0.0486664 0.0414858 0.014921 0.00554385
 0.00454155 0.0270824 0.223889 0.435229 0.204467 0.0666361 0.0168177 0.0142896 0.00704704
 0.00419385 0.028043 0.136575 0.446187 0.256135 0.0862478 0.0271327 0.00682678 0.00865881
 0.00934764 0.0314662 0.168537 0.317715 0.295618 0.119481 0.0387506 0.0121508 0.00693287
 0.00293681 0.0654798 0.17666 0.363305 0.1932 0.125847 0.0489555 0.0158246 0.00779094
 0.0104152 0.0165063 0.302716 0.329099 0.195565 0.073289 0.0459827 0.0178293 0.00859818
 0.00201199 0.0597219 0.0762177 0.552896 0.178454 0.0760722 0.0275212 0.0172144 0.00989093
 0.0146931 0.0135876 0.326304 0.163838 0.346185 0.0793984 0.032636 0.0117697 0.0115886
 0.00829657 0.0833289 0.0631891 0.586312 0.0846028 0.126608 0.027989 0.0114679 0.00820546
 0.00419464 0.0481814 0.405607 0.122465 0.322372 0.0326005 0.0469611 0.0103472 0.00727088
 0.00567254 0.0196613 0.183043 0.61057 0.0532431 0.0990892 0.00965611 0.0138649 0.00520011
 0.00534976 0.0383695 0.106091 0.390945 0.381022 0.0236116 0.042371 0.00411594 0.00812425
 0.00604456 0.0391252 0.22142 0.244232 0.266698 0.185764 0.0111075 0.0198706 0.00573862
 0.0100909 0.0372872 0.190407 0.424703 0.139646 0.109616 0.0737257 0.00439493 0.0101302
 0 0 0 0 0 0 0 0 0
 0 0 0 0 0 0 0 0 0
 0 0 0 0 0 0 0 0 0
A_nu
 -0.831677 0.344379 0.394312 0.0929858 0 0 0 0 0
 -0.0806493 0.251334 0.119568 -0.290252 0 0 0 0 0
 -0.141363 0.221361 0.426721 -0.506719 0 0 0 0 0
 0 -0.37496 0.275105 0.209437 -0.109582 0 0 0 0
 -0.0707912 0.230803 0.392144 -0.552156 0 0 0 0 0
 -0.484771 -0.042534 -0.015311 0.569932 -0.027316 0 0 0 0
 0 0.372476 0.226173 -0.106358 -0.492291 0 0 0 0
 -0.918695 0.0135741 0.361996 0.0417647 0.285326 0.216035 0 0 0
 0.433929 0.18239 -0.0498033 -0.566515 0 0 0 0 0
 0.198137 0.062675 0.312063 -0.572875 0 0 0 0 0
 0.212015 -0.497249 -0.36927 0.162205 0.492299 0 0 0 0
 -0.404934 0.13767 0.289477 -0.216438 0.194226 0 0 0 0
 -0.141567 0.0229178 0.172214 -0.0535649 0 0 0 0 0
 -0.427588 -0.0181144 0.697466 -0.251763 0 0 0 0 0
 0.490113 0.2208 -0.132749 -0.578164 0 0 0 0 0
 -0.0880356 -0.440162 0.00571097 0.284295 0.238191 0 0 0 0
 -0.422058 -0.465638 -0.00829069 0.378076 0.517911 0 0 0 0
 0 -1.12216 -0.131103 0.473393 0.779873 0 0 0 0
 0.395954 0.706608 -1.10256 0 0 0 0 0 0
 1.25868 0.312807 -0.573588 -0.997897 0 0 0 0 0
 -0.782667 -0.63446 -0.0733082 0.364614 0.391868 0.733954 0 0 0
 -0.560579 0.172503 0.176873 0.136002 0.0752014 0 0 0 0
 -0.668078 -0.0544829 0.209744 0.0494212 0.0736439 0.389751 0 0 0
 0 -0.695939 0.0607654 0.176584 0.318923 0.139667 0 0 0
 -0.733117 0.135873 0.422692 0.227406 -0.0150929 -0.0377614 0 0 0
 -0.494332 0.154204 0.202488 0.61747 0.107669 -0.587499 0 0 0
 -0.490709 0.159307 0.342675 -0.00484508 0.311381 -0.31781 0 0 0
 -0.948193 -0.834017 -0.229644 0.263055 0.138663 0.453495 0.750404 0.406237 0
 -0.122191 -0.171355 -0.190754 0.146394 0.372202 -0.0342953 0 0 0
 0.250342 -0.151011 0.156021 -0.0371361 -0.218216 0 0 0 0
 0.444605 -0.115827 -0.107803 -0.220975 0 0 0 0 0
 0.142744 0.100681 -0.202477 -0.040948 0 0 0 0 0
 -0.284066 0.01042 0.0948883 0.164563 0.0141943 0 0 0 0
 0.651554 -0.296789 -0.0674477 -0.185622 -0.101696 0 0 0 0
 -0.22062 0.21503 0.128748 0.105084 -0.274445 0.0462035 0 0 0
 0.151123 0.122609 0.024766 0.0273027 -0.325801 0 0 0 0
 -0.409326 0.663964 0.152109 -0.406747 0 0 0 0 0
 0.818724 -0.155886 -0.0334178 0.00308281 -0.632503 0 0 0 0
 0.312422 0.010534 -0.0626576 -0.260298 0 0 0 0 0
 0.72024 0.103426 -0.0557268 -0.211131 -0.556809 0 0 0 0
 0.655552 0.291869 -0.0162498 -0.307537 -0.623634 0 0 0 0
 0.709563 0.363229 -0.282233 -0.790559 0 0 0 0 0
 -0.181901 0.0746151 0.426354 -0.319069 0 0 0 0 0
 0.244272 0.0999232 0.141686 -0.0450176 -0.440864 0 0 0 0
 0.807735 0.118446 -0.0881997 -0.306171 -0.53181 0 0 0 0
 -0.380782 0.188326 0.256906 0.108723 -0.173173 0 0 0 0
 -0.102906 0.473282 0.138768 -0.509144 0 0 0 0 0
 -0.464627 0.211551 0.451241 0.0317241 -0.229889 0 0 0 0
 0.12993 0.0151523 0.27928 0.113038 -0.537399 0 0 0 0
 -0.147206 -0.0623724 -0.0374874 0.243147 -0.00105675 0.00497468 0 0 0
 0.0532424 -0.1996 0.0839343 0.117487 0.196733 -0.251797 0 0 0
 0.357192 -0.165961 0.383384 0.0379132 -0.612528 0 0 0 0
 0.0187355 -0.364837 0.347193 0.315021 -0.316113 0 0 0 0
 0 0.362032 0.669147 -1.03118 0 0 0 0 0
 0.298554 -0.204392 0.583304 0.0905773 -0.768044 0 0 0 0
 0.782216 -0.0854335 0.151717 -0.848499 0 0 0 0 0
 0.103757 0.32286 0.0181693 0.269203 -0.71399 0 0 0 0
 0.519083 0.217747 -0.217645 -0.519186 0 0 0 0 0
 -0.552041 0.440884 0.322792 -0.0855339 -0.126101 0 0 0 0
 0.583694 -0.183868 0.0707733 0.116812 -0.587411 0 0 0 0
 0.339925 -0.380518 0.149545 0.247851 -0.356803 0 0 0 0
 0 0 0 0 0 0 0 0 0
 0 0 0 0 0 0 0 0 0
 0 0 0 0 0 0 0 0 0
 -0.247643 -0.214545 -0.12628 0.283151 0.305318 0 0 0 0
 -0.811127 0.435629 -0.113218 0.151515 0.337201 0 0 0 0
 -0.31826 0.267831 0.0406194 -0.174919 0.184728 0 0 0 0
 0.194573 -0.262791 -0.147874 -0.110401 -0.346886 0.673378 0 0 0
 -0.402189 0.469878 0.0345975 -0.0741321 -0.028154 0 0 0 0
 0 0.02542 0.1407 0.0105568 -0.176677 0 0 0 0
 0 -0.446192 -0.309175 -0.0199423 0.221547 0.0588794 0.494883 0 0
 -0.538111 0.487283 -0.0343491 0.083401 0.0603917 -0.0586151 0 0 0
 0.438093 0.313927 -0.137194 0.0146381 -0.0471047 -0.582359 0 0 0
 0.358652 0.112125 -0.120999 0.035643 -0.178699 0.054667 -0.26139 0 0
 -0.545584 0.0306792 -0.131152 0.127026 0.178944 0.220531 0.119556 0 0
 0.0417073 0.229656 -0.0395321 -0.232037 0.137029 -0.136823 0 0 0
 0.65133 0.00920154 -0.0749423 -0.26124 -0.324349 0 0 0 0
 0.621839 -0.0854706 -0.222473 -0.313896 0 0 0 0 0
 -0.297503 0.133815 -0.209881 0.282266 0.0913023 0 0 0 0
 0.333615 0.0071975 -0.31393 -0.128168 0.101285 0 0 0 0
 -0.00183122 -0.0606891 0.0501628 -0.0200072 0.0323647 0 0 0 0
 0.540395 0.243799 -0.345344 -0.170899 -0.26795 0 0 0 0
 -0.055332 -0.288721 -0.154281 0.0250407 0.278606 0.194687 0 0 0
 -0.381649 0.0568351 -0.353562 -0.00979962 0.277437 0.410738 0 0 0
 0.580411 0.0598148 -0.321486 -0.28599 -0.0327491 0 0 0 0
 0.0896948 -0.100518 -0.125769 -0.0567244 0.118943 0.0743745 0 0 0
 0.0873009 -0.123683 -0.309698 -0.0163203 0.0971531 0.265247 0 0 0
 0.128649 0.211735 -0.177609 -0.232122 7.87444e-006 0.069339 0 0 0
 0.0185442 0.0617021 -0.198314 -0.12277 0.0033973 0.237441 0 0 0
 -0.0272921 0.0443721 -0.126671 0.0872611 0.0223297 0 0 0 0
 -0.165693 0.0152899 -0.049077 -0.0271174 0.226597 0 0 0 0
 0.155317 0.0050869 -0.0945868 0.0196105 0.0701574 -0.155585 0 0 0
 -0.195601 0.134481 0.0517566 0.0376214 0.0853718 -0.113629 0 0 0
 0.0223778 0.266729 -0.0288316 0.141518 -0.101616 -0.300177 0 0 0
 -0.0658639 0.137252 0.172841 0.00586325 -0.250092 0 0 0 0
 0.345092 -0.0536764 -0.0311252 0.0510104 -0.311301 0 0 0 0
 0.15169 -0.165061 0.0952089 0.111531 -0.193369 0 0 0 0
 0.798738 -0.266741 -0.355992 0.0505686 -0.226573 0 0 0 0
 0 -0.202173 0.0320707 -0.00877133 0.267181 -0.0883077 0 0 0
 0 -0.661986 0.379527 0.231657 0.127295 -0.0764932 0 0 0
 0 0.202013 0.234766 -0.315154 -0.121625 0 0 0 0
 -0.00905055 -0.946173 0.701437 0.285929 -0.0321431 0 0 0 0
 -0.267778 -0.0322838 0.30265 -0.00258804 0 0 0 0 0
 0 -0.0811681 -0.0593503 0.136842 0.00367638 0 0 0 0
 -0.396826 0.163994 -0.0782317 0.0520651 0.274054 -0.0150557 0 0 0
 -0.387957 -0.152241 -0.0853008 0.230892 0.394606 0 0 0 0
 -0.0053211 0.23886 0.271344 0.145098 -0.170183 -0.479798 0 0 0
 -0.100514 -0.220554 0.233411 0.199396 0.128349 -0.240087 0 0 0
 0 0 0 0 0 0 0 0 0
 0 0 0 0 0 0 0 0 0
 0 0 0 0 0 0 0 0 0
 1.06855 0.381828 0.174906 -0.722475 -0.90281 0 0 0 0
 0 0.934425 0.292153 -0.169736 -0.637305 -0.419536 0 0 0
 0 -0.269448 0.760457 0.00211832 -0.0706471 -0.42248 0 0 0
 0 -0.159067 0.753765 0.184775 -0.0998662 -0.679606 0 0 0
 0 0 0.420483 0.245657 -0.087207 -0.578933 0 0 0
 0 -0.24543 0.795555 0.079815 -0.093942 -0.535998 0 0 0
 0 0 -0.26981 -0.0234865 0.191788 0.101509 0 0 0
 0 0 0.387535 0.315445 -0.0839693 -0.619011 0 0 0
 0 0 -0.0511089 0.199484 0.138634 -0.287009 0 0 0
 0 -0.0137353 0.184453 0.14687 0.389336 0.0932645 -0.800188 0 0
 0 0.324751 -0.0115234 -0.495909 -0.208238 0.223039 0.16788 0 0
 0 0 0.395534 -0.11216 -0.177694 0.183678 -0.289359 0 0
 0 0.519771 0.492098 -0.301492 -0.153922 -0.556456 0 0 0
 0 -0.852525 0.543776 0.0085052 0.20405 0.283039 -0.186845 0 0
 0 -0.715085 0.0514429 -0.0712885 0.318867 0.460941 -0.0448782 0 0
 0 0.0180655 -0.154974 -0.253978 0.0911156 0.296246 0.00352467 0 0
 0 0 0.037492 -0.296439 -0.13749 0.268178 0.128259 0 0
 0 0.388694 0.108391 -0.152095 -0.201496 -0.143494 0 0 0
 0 0 -0.0806832 -0.239143 0.0376243 0.162691 0.119511 0 0
 0 -0.144498 0.00965063 -0.210619 -0.00736625 0.263476 0.0893568 0 0
 0 0.762634 0.24086 -0.493535 -0.286611 -0.0815289 -0.14182 0 0
